# callgrind format
version: 1
creator: callgrind-3.22.0
pid: 98509
cmd:  ./sensor_program
part: 1


desc: I1 cache: 
desc: D1 cache: 
desc: LL cache: 

desc: Timerange: Basic block 0 - 40734
desc: Trigger: Program termination

positions: line
events: Ir
summary: 186936


ob=(4) /usr/libexec/valgrind/vgpreload_core-amd64-linux.so
fl=(156) ???
fn=(970) 0x0000000000001060
0 5

fn=(504) 0x0000000000001110
0 12

fn=(960) 0x00000000000010d0
0 9
cob=(3) ???
cfi=(153) ???
cfn=(966) 0x000000000483d030
calls=1 0 
0 80
0 1
cfn=(970)
calls=1 0 
0 5
0 3

ob=(1) /usr/lib/x86_64-linux-gnu/ld-linux-x86-64.so.2
fl=(53) ./io/../sysdeps/unix/sysv/linux/open64_nocancel.c
fn=(172) __open_nocancel
28 12
+3 6
-3 12
+3 36
+8 42
+2 6
-2 9
+2 6

fl=(51) ./setjmp/../sysdeps/x86_64/setjmp.S
fn=(162) __sigsetjmp
31 3
+2 3
+9 3
+1 6
+1 3
+4 3
+1 3
+1 3
+1 3
+1 3
+2 6
+2 3
+1 3
+1 3
+2 6
+2 3
+8 3
+3 3
+1 3
+7 3
+1 3

fl=(29) ./string/../sysdeps/x86_64/multiarch/memmove-vec-unaligned-erms.S
fn=(82) memcpy
210 16
+1 16
+6 16
+1 16
+2 10
+1 10
+1 10
+2 7
+1 7
+1 7
+2 7
+80 6
+1 6
+2 1
+4 1
+1 1
+1 1
+1 1
+1 1
+4 1
+2 1
+39 5
+1 5
+1 5
+1 5
+1 5
+7 3
+1 3
+1 3
+1 3
+1 3
+1 3
+1 3
+11 3
+1 3
+2 3
+1 3
+1 3

fn=(126) mempcpy
197 15
+1 15
+1 15
+1 15
+17 15
+1 15
+2 7
+1 7
+1 7
+2 6
+1 6
+1 6
+2 6
+80 8
+1 8
+2 1
+4 1
+1 1
+1 1
+8 1
+39 7
+1 7
+1 7
+1 7
+1 7
+7 1
+1 1
+1 1
+1 1
+1 1
+1 1
+1 1
+11 1
+1 1
+2 1
+1 1
+1 1

fl=(42) ./string/../sysdeps/x86_64/multiarch/../multiarch/memcmp-sse2.S
fn=(122) bcmp
59 1
+12 1
+1 1
+22 1
+1 1
+45 1
+1 1
+2 1
+1 1
+2 1
+1 1
+2 1
+1 1
+47 1
+1 1
+1 1
+1 1
+1 1
+1 1

fl=(76) ./elf/../sysdeps/x86_64/dl-cet.c
fn=(260) _dl_cet_check
361 8
-76 1
-10 2
+2 2
-1 1
+6 1
+3 1
+8 1
-11 1
+1 1
-1 1
+1 1
-1 1
+1 1
+10 4
+3 1
+4 2
+2 2
-1 1
+2 2
+2 2
-1 2
+4 1
+2 1
+3 2
145 2
+12 2
+16 1
+6 1
363 6

fn=(492) _dl_cet_setup_features
331 1
+3 2
+16 1

fl=(9) ./elf/../sysdeps/unix/sysv/linux/dl-sysdep.c
fn=(480) _dl_sysdep_start_cleanup
147 1
+1 1

fn=(18) _dl_sysdep_parse_arguments
78 1
+2 1
-2 6
+1 1
+1 1
-1 1
+2 2
+2 1
-2 1
+2 2
-1 1
+1 2
-1 67
+1 134
+7 56
fi=(10) ./elf/../sysdeps/unix/sysv/linux/dl-parse_auxv.h
-49 1
fe=(9)
+45 1
fi=(10)
-54 1
fe=(9)
+54 1
fi=(10)
-54 1
+1 1
+1 1
+7 3
+1 40
+1 20
-2 20
+2 20
-2 61
fe=(9)
+52 3
+1 1
+1 2
fi=(10)
-49 1
+1 1
fe=(9)
+46 1
fi=(10)
-45 1
+3 1
+1 1
+1 1
+1 1
+2 1
-5 1
-4 1
+1 1
+4 1
+1 1
+3 1
-7 1
-4 1
+1 1
+8 1
fe=(9)
+40 1
-1 1
+2 1
+1 6

fn=(16) _dl_sysdep_start
102 5
+4 1
-4 1
+1 1
+3 1
cfn=(18)
calls=1 -28 
* 482
+4 2
cfi=(11) ./elf/./elf/dl-tunables.c
cfn=(22) __GI___tunables_init
calls=1 261 
* 42541
+3 1
cfi=(13) ./elf/./elf/dl-sort-maps.c
cfn=(26) _dl_sort_maps_init
calls=1 289 
* 38
+2 2
cfi=(14) ./elf/../sysdeps/unix/sysv/linux/brk.c
cfn=(30) brk
calls=1 -79 
* 8
fi=(6) ./elf/../sysdeps/x86_64/dl-machine.h
220 1
cfi=(15) ./elf/../sysdeps/x86/dl-get-cpu-features.c
cfn=(34) _dl_x86_init_cpu_features
calls=1 37 
* 7349
fe=(9)
-98 3
+1 1
cfi=(22) ./string/../sysdeps/x86_64/multiarch/../multiarch/strlen-sse2.S
cfn=(62) strlen
calls=1 -66 
* 17
* 1
+2 2
cfi=(23) ./elf/../misc/sbrk.c
cfn=(64) sbrk
calls=1 -88 
* 16
* 3
+12 3
+3 5
cfi=(2) ./elf/./elf/rtld.c
cfn=(66) dl_main
calls=1 1346 
* 112461
+3 4

fl=(32) ./string/../sysdeps/x86_64/multiarch/../multiarch/strcmp-sse2.S
fn=(244) strncmp
98 1
+27 1
+1 1
+1 1
+1 1
+1 1
+2 1
+1 1
+2 1
+1 1
+21 1
+1 1
+1 1
+1 1
+1 1
+1 1
+1 1
+1 1
+17 1
+1 1
+1 1
+1 1
+1 1
+1 1
+1 1
2104 1
+3 1
+1 1
+2 1
+1 1
+8 1
+1 1

fn=(94) strcmp
98 198
+33 198
+1 198
+2 198
+1 198
+21 198
+1 198
+1 166
+1 166
+1 157
+1 157
+1 157
+1 157
+17 157
+1 157
+1 157
+1 157
+1 157
+1 157
+1 157
+5 14
+1 42
+9 14
+1 14
+1 14
+1 14
+1 14
+1 14
+1 14
+1 14
-7 41
+1 41
+1 41
+1 41
+1 41
+1 41
+1 41
+1 41
+1 52
+1 27
+1 27
+1 27
+2 27
+1 27
+1 27
+1 27
+1 27
+1 27
-5 25
+1 25
+1 25
+1 25
+1 25
+1 25
+10 3
+1 3
+1 3
+2 3
+6 3
+1 3
+1 3
+1 3
+1 3
+5 3
+52 6
+1 6
+1 6
+1 6
+1 6
+2 6
+1 6
+1 6
+1 6
+1 6
+1 6
+1 6
+1 6
+3 6
+1 6
+1 6
+6 6
+1 6
+1 12
+4 6
+1 6
+3 6
+1 6
+1 6
+2 6
+1 6
+1 6
+4 6
+1 6
+1 6
+1 6
+1 6
+1 6
661 1
+1 1
+1 1
+1 1
+1 1
+2 1
+1 1
+1 1
+1 1
+1 1
+1 1
+1 1
780 1
+1 1
+1 1
+1 1
+1 1
+2 1
+1 1
+1 1
+1 1
+1 1
+1 1
+1 1
899 5
+1 5
+1 5
+1 5
+1 5
+2 5
+1 5
+1 5
+1 5
+1 5
+1 5
+1 5
+1 4
+4 4
+1 4
+1 4
+6 4
+1 4
+1 8
+4 4
+1 4
+3 4
+1 4
+1 4
+2 4
+1 4
+1 4
+4 4
+1 4
+1 4
+1 4
+1 4
+1 4
+7 1
+1 1
+2 1
+1 1
+2 1
+1 1
+1 1
+2 1
+1 1
+1 1
+4 1
+1 1
+1 1
+1 1
+1 1
+1 1
+41 2
+1 2
+1 2
+1 2
+1 2
+2 2
+1 2
+1 2
+1 2
+1 2
+1 2
+1 2
+1 2
+4 2
+1 2
+1 2
+6 2
+1 2
+1 4
+4 2
+1 2
+3 2
+1 2
+1 2
+2 2
+1 2
+1 2
+4 2
+1 2
+1 2
+1 2
+1 2
+1 2
+69 3
+1 3
+1 3
+1 3
+1 3
+2 3
+1 3
+1 3
+1 3
+1 3
+1 3
+1 3
1256 4
+1 4
+1 4
+1 4
+1 4
+2 4
+1 4
+1 4
+1 4
+1 4
+1 4
+1 4
1494 10
+1 10
+1 10
+1 10
+1 10
+2 10
+1 10
+1 10
+1 10
+1 10
+1 10
+1 10
+1 4
+4 4
+1 4
+1 4
+6 4
+1 4
+1 8
+4 4
+1 4
+3 4
+1 4
+1 4
+2 4
+1 4
+1 4
+4 4
+1 4
+1 4
+1 4
+1 4
+1 4
+69 3
+1 3
+1 3
+1 3
+1 3
+2 3
+1 3
+1 3
+1 3
+1 3
+1 3
+1 3
+1 2
+4 2
+1 2
+1 2
+6 2
+1 2
+1 4
+4 2
+1 2
+3 2
+1 2
+1 2
+2 2
+1 2
+1 2
+4 2
+1 2
+1 2
+1 2
+1 2
+1 2
+7 1
+1 1
+2 1
+1 1
+2 1
+1 1
+1 1
+2 1
+1 1
+1 1
+4 1
+1 1
+1 1
+1 1
+1 1
+1 1
+41 7
+1 7
+1 7
+1 7
+1 7
+2 7
+1 7
+1 7
+1 7
+1 7
+1 7
+1 7
+1 5
+4 5
+1 5
+1 5
+6 5
+1 5
+1 10
+4 5
+1 5
+3 5
+1 5
+1 5
+2 5
+1 5
+1 5
+4 5
+1 5
+1 5
+1 5
+1 5
+1 5
+7 1
+1 1
+2 1
+1 1
+2 1
+1 1
+1 1
+2 1
+1 1
+1 1
+4 1
+1 1
+1 1
+1 1
+1 1
+1 1
+41 5
+1 5
+1 5
+1 5
+1 5
+2 5
+1 5
+1 5
+1 5
+1 5
+1 5
+1 5
+1 4
+4 4
+1 4
+1 4
+6 4
+1 4
+1 8
+4 4
+1 4
+3 4
+1 4
+1 4
+2 4
+1 4
+1 4
+4 4
+1 4
+1 4
+1 4
+1 4
+1 4
+69 5
+1 5
+1 5
+1 5
+1 5
+2 5
+1 5
+1 5
+1 5
+1 5
+1 5
+1 5
+2 4
+4 4
+1 4
+1 4
+6 4
+1 4
+2 8
+4 4
+1 4
+3 4
+1 4
+1 4
+2 4
+1 4
+1 4
+4 4
+1 4
+1 4
+1 4
+1 4
+1 4
+71 31
+2 31
+1 31
+1 31
+1 31
-3 24
+1 24
+1 24
+1 24
+1 54
+5 27
+6 27
+1 27
+8 27
+1 27
-16 171
+6 171
+1 171
+8 171
+1 171

fl=(62) ./io/../sysdeps/unix/sysv/linux/close_nocancel.c
fn=(194) __GI___close_nocancel
25 3
+1 12
+1 3

fl=(141) ./elf/./elf/dl-find_object.c
fn=(446) _dlfo_process_initial
474 2
+3 2
-3 6
+1 2
+3 4
+26 14
+1 6
+1 8
-1 16
+3 28
+3 24
-7 10
+27 2
-2 2
+2 6
-18 18
+3 6
-1 6
cfi=(142) ./elf/./dl-find_object.h
cfn=(444) _dl_find_object_from_map
calls=3 95 
* 189
+2 12

fn=(448) _dlfo_sort_mappings
536 1
+1 2
+3 4
+4 1
+1 1
-1 1
+1 2
-1 1
+1 1
-1 1
+1 6
+1 15
+3 2
-1 2
-3 9
+8 6
+1 4
-1 2
-13 4
+14 6
+1 4
-15 4
+17 1

fn=(442) _dl_find_object_init
561 2
+3 1
-3 3
+5 2
+13 1
cfn=(446)
calls=1 474 
* 81
+1 1
-1 1
+1 1
fi=(28) ./elf/../include/rtld-malloc.h
56 1
cfi=(27) ./elf/./elf/dl-minimal-malloc.c
cfn=(78) __minimal_malloc
calls=1 -20 
* 30
fe=(141)
580 1
fi=(28)
56 1
fe=(141)
582 2
+3 2
+5 1
+1 1
cfn=(446)
calls=1 474 
* 282
+3 3
+10 4
-37 2
cfi=(142)
cfn=(444)
calls=1 95 
* 68
* 1
+29 2
cfn=(448)
calls=1 -60 
* 80
+3 6
+2 1

fl=(20) ./elf/../sysdeps/x86/dl-cacheinfo.h
fn=(50) handle_intel.constprop.0
255 24
-5 12
+17 12
-17 96
+11 12
+1 12
+5 36
+4 24
+34 96
-29 12
+3 24
-3 12
+3 36
cfn=(52) intel_check_word.constprop.0
calls=12 123 
* 4092
+2 24
+3 60
cfn=(52)
calls=12 123 
* 1272
+2 24

fn=(52)
123 48
-4 72
+10 24
-10 96
+10 48
-10 24
+10 24
-10 24
+10 24
+2 48
+71 48
fi=(21) ./elf/../bits/stdlib-bsearch.h
32 24
fe=(20)
202 120
-71 96
+2 60
+2 120
+8 120
+51 96
+22 48
fi=(21)
28 48
-1 96
+2 216
+2 168
+1 84
fe=(20)
+78 168
+3 324
fi=(21)
-78 264
-6 528
+2 480
+1 240
fe=(20)
+78 480
+15 12
246 144
fi=(21)
37 120
fe=(20)
155 36
+3 36
-6 12
+3 39
+9 18
+23 21
-32 63
+3 63
+4 58
+2 116
+3 84
+1 48
+1 48
+1 30
+2 11
+2 22
+6 14
+3 8
+1 12
-20 15
+12 4
+2 4
+1 4
-2 4
-1 4
+2 8
-2 4
+3 4
-2 12
+2 12
+11 2
-9 12

fn=(56) get_common_cache_info.constprop.0
571 11
+17 1
+1 1
+9 1
-12 1
+2 1
+2 1
+8 1
-11 1
+3 1
+11 2
-5 3
+17 1
+5 3
+4 2
770 5
+1 5
+4 2
+8 1
-1 1
+1 1
+1 1
+1 7
627 5
+3 6
-32 5
+75 4
+8 5
+2 2
-2 1
+6 3
+3 1
+1 5
-4 4
+21 2
-21 4
+2 1
+2 4
-4 1
+6 4
+3 2
+5 1
+2 2
+1 1
+1 1
-2 2
+1 1
-19 4
+46 2
+1 1
+1 2
+1 1
+25 3
630 3
+10 6
+14 2
+4 1
+3 1
+1 1
-4 2
+3 3
+6 4
-37 12
+7 6
-7 3
+7 2
+3 20
+5 2
+4 1
+1 1
-1 2
+1 1
+61 2
+7 1
+2 2
-16 1
+22 1
-6 2
+1 1
+5 1
-30 5

fl=(49) ./string/../string/strcspn.c
fn=(156) strcspn
32 6
+1 3
+1 2
+5 6
+1 4
+1 4
+1 4
+2 1
+3 3
+1 2
-1 6
+1 4
+3 4
+1 4
+1 4
+1 4
+2 3
+6 1
-1 1
+1 1
+2 2
-1 2
+2 1
+2 6
-5 12
-1 12
+1 12
+2 24
-1 24
+2 12
+2 72
+2 1
+1 4
+1 3

fl=(52) ./elf/./elf/dl-misc.c
fn=(168) _dl_name_match_p
68 98
+1 28
cfi=(32)
cfn=(94)
calls=14 +29 
* 450
* 28
+3 14
+2 28
+6 15
-6 30
+1 54
cfi=(32)
cfn=(94)
calls=18 +23 
* 602
* 36
+8 3
-13 3
+13 20
-1 11
+1 33

fn=(216) _dl_sysdep_read_whole_file
36 2
+3 1
-3 7
+3 1
-3 2
+3 1
cfi=(53)
cfn=(172)
calls=1 -11 
* 20
+1 2
+23 8
-21 4
cfi=(55) ./io/../sysdeps/unix/sysv/linux/fstat64.c
cfn=(178) fstat
calls=1 -12 
* 6
* 2
+2 2
+3 2
+13 2
cfi=(62)
cfn=(194)
calls=1 -35 
* 6
* 1
-11 6
cfi=(57) ./misc/../sysdeps/unix/sysv/linux/mmap64.c
cfn=(182) mmap
calls=1 -2 
* 26
* 2

fl=(16) ./elf/../sysdeps/x86/cpu-features.c
fn=(38) get_common_indices.constprop.0
398 3
+4 4
+3 3
+5 2
-5 1
+5 1
-5 1
+4 1
+1 1
+1 4
+1 4
+1 3
+1 2
+7 2
+2 5
+5 1
-5 1
+5 1
-5 1
+5 1
-5 2
+5 1
+7 1
-7 4
+7 1
+1 3
+6 1
-6 4
+6 1
fi=(17) ./elf/../sysdeps/unix/sysv/linux/x86/dl-minsigstacksize.h
24 2
+3 2
+1 2
+37 3
+7 1
+2 1
fe=(16)
457 3

fn=(42) update_active.constprop.0
72 8
+4 1
+10 1
+9 1
+9 1
-19 1
-1 1
+29 1
-4 1
-24 1
+9 1
+9 1
+9 1
-28 2
+25 1
-15 1
-9 1
+9 1
+9 1
+9 1
-3 1
+7 1
-13 1
+9 1
+4 2
-22 1
+22 2
-13 1
+6 1
+3 1
+5 1
+12 1
-8 1
-4 1
+7 1
-3 4
+1 1
+2 1
-2 2
+1 3
+5 1
+2 1
-2 4
+1 1
+1 1
-1 2
+1 1
-1 1
+3 2
+1 4
+14 2
356 2
+4 3
fi=(18) ./elf/../sysdeps/unix/sysv/linux/x86/dl-hwcap2.h
25 2
fi=(19) ./elf/../sysdeps/x86/get-isa-level.h
+5 1
-2 1
+2 3
fe=(16)
369 1
+1 8
151 2
+1 2
-1 5
+1 2
+2 3
+90 1
+1 1
-1 2
+17 4
+16 2
+5 1
-1 2
+4 4
+4 2
+4 3
+1 2
+3 1
-1 1
+9 1
-5 1
+2 1
-2 1
+5 1
+51 1
fi=(19)
31 1
fe=(16)
356 2
fi=(19)
32 3
+4 3
fe=(16)
158 4
+3 1
+3 2
+14 1
+2 1
+10 3
-12 1
+12 1
-12 1
+2 2
-2 1
+2 1
+8 1
-8 1
+6 3
+2 1
-2 1
+2 3
+7 5
fi=(19)
39 2
+1 4
-2 1
+7 4
+2 1
+1 2
+3 5
+2 4
+1 2
+1 2
+3 1
-1 1
+1 3
fe=(16)
171 1
-5 2
+4 1

fn=(36) init_cpu_features.constprop.0
682 1
+17 1
-17 7
+3 1
+1 1
+1 1
+3 1
+9 2
+3 6
1001 3
+1 2
+3 2
+1 2
+6 1
+1 1
+1 1
+1 1
fi=(20)
792 1
+1 1
+2 1
+14 2
+85 1
+1 1
+15 1
-5 1
+5 1
-10 1
-6 1
+2 1
+14 1
-15 1
+2 1
-1 1
+2 1
-1 1
+2 1
-1 1
+1 1
+2 1
+1 1
+1 1
+1 1
+35 2
-15 3
+8 2
+27 6
+9 2
+19 2
+8 6
cfi=(11)
cfn=(28) __tunable_get_val
calls=1 387 
* 23
* 1
+2 2
+3 4
cfi=(11)
cfn=(28)
calls=1 387 
* 23
* 1
+2 2
+3 4
cfi=(11)
cfn=(28)
calls=1 387 
* 23
* 1
+1 5
+16 2
-12 5
cfi=(11)
cfn=(28)
calls=1 387 
* 23
* 1
+1 3
+6 3
+3 1
-3 2
cfi=(11)
cfn=(28)
calls=1 387 
* 23
* 1
+3 5
-3 1
+3 5
cfi=(11)
cfn=(58) __GI___tunable_set_val
calls=1 153 
* 62
+1 10
cfi=(11)
cfn=(58)
calls=1 153 
* 62
+1 11
cfi=(11)
cfn=(58)
calls=1 153 
* 62
+3 10
cfi=(11)
cfn=(58)
calls=1 153 
* 62
+2 10
cfi=(11)
cfn=(58)
calls=1 153 
* 62
+13 1
+2 1
fe=(16)
-23 1
fi=(20)
+21 1
+3 1
fe=(16)
-24 1
fi=(20)
+26 1
-5 1
+2 1
-2 1
+3 1
fe=(16)
-24 1
fi=(20)
+25 1
+3 1
-1 1
fe=(16)
-27 1
cfi=(11)
cfn=(28)
calls=1 387 
* 22
+3 4
cfi=(11)
cfn=(28)
calls=1 387 
* 24
+6 3
+54 1
-1 1
+1 1
+45 4
cfi=(11)
cfn=(28)
calls=1 387 
* 22
+2 4
cfi=(11)
cfn=(28)
calls=1 387 
* 22
+6 4
cfi=(11)
cfn=(28)
calls=1 387 
* 24
+7 8
fi=(20)
974 12
fe=(16)
+68 1
-1 2
+1 3
+44 3
+27 2
-10 2
+1 2
+2 3
+1 2
+2 3
+1 2
fi=(20)
811 2
cfn=(50)
calls=1 255 
* 455
+1 1
-1 1
+1 1
cfn=(50)
calls=1 255 
* 503
+1 1
-1 1
+1 1
cfn=(50)
calls=1 255 
* 530
+4 1
-4 1
+1 2
+3 1
cfn=(50)
calls=1 255 
* 476
+2 1
-2 1
+2 1
cfn=(50)
calls=1 255 
* 468
+3 1
-3 1
+1 2
+2 1
cfn=(50)
calls=1 255 
* 446
+2 1
-2 1
+2 1
cfn=(50)
calls=1 255 
* 447
+3 1
-2 1
-1 1
+3 1
cfn=(50)
calls=1 255 
* 494
+2 1
-2 1
+2 1
cfn=(50)
calls=1 255 
* 495
+1 1
+2 1
-3 1
+1 1
+2 1
cfn=(50)
calls=1 255 
* 521
+2 1
-2 1
+2 1
cfn=(50)
calls=1 255 
* 522
+2 1
-2 1
+2 1
cfn=(50)
calls=1 255 
* 523
+2 4
-2 1
+2 1
cfn=(56)
calls=1 571 
* 223
+93 1
-6 3
+6 1
-6 2
+6 2
-6 2
+6 2
-1 2
fe=(16)
708 6
cfn=(38)
calls=1 398 
* 74
376 3
+1 2
+1 6
+5 2
713 1
cfn=(42)
calls=1 72 
* 222
+2 1
+2 1
1015 1
715 2
878 2
+7 2
+2 2
+4 2
+6 2
+2 1
706 2
-3 1
384 6
+5 2
+1 7
717 1
fi=(20)
987 1
-48 1
fe=(16)
717 1
fi=(20)
987 2
fe=(16)
717 6
+4 7
+78 1
-25 3
+92 2
+3 2
fi=(20)
+38 1
fe=(16)
-37 1
-89 2
+51 2

fl=(14)
fn=(30)
36 1
fi=(271) ./elf/../sysdeps/unix/sysv/linux/brk_call.h
-12 2
fe=(14)
+13 1
+1 2
+6 1
+1 1

fl=(37) ./elf/./elf/dl-hwcaps.c
fn=(108) _dl_important_hwcaps
172 6
+3 1
-3 3
+3 1
-3 5
+2 1
cfi=(38) ./elf/../sysdeps/x86_64/dl-hwcaps-subdirs.c
cfn=(110) _dl_hwcaps_subdirs_active
calls=1 29 
* 49
+1 1
fi=(40) ./elf/./dl-hwcaps.h
43 1
fe=(37)
174 1
fi=(40)
45 2
+32 1
+1 1
+1 1
fe=(37)
-27 2
cfi=(39) ./elf/./elf/dl-hwcaps_split.c
cfn=(114) _dl_hwcaps_split_masked
calls=1 -1 
* 23
* 2
fi=(40)
-9 1
+2 1
-2 1
+34 2
+1 2
+1 1
fe=(37)
-24 2
-1 2
+1 2
+1 2
+1 2
-5 4
cfi=(39)
cfn=(114)
calls=2 -1 
* 130
* 2
cfi=(39)
cfn=(114)
calls=1 -1 
* 125
* 6
+48 4
fi=(28)
-44 2
cfi=(27)
cfn=(78)
calls=1 -20 
* 30
fe=(37)
+46 2
-2 1
+2 1
+3 1
+3 1
fi=(40)
-65 1
+2 1
fe=(37)
+67 1
fi=(40)
-66 1
fe=(37)
+66 2
cfi=(39)
cfn=(120) _dl_hwcaps_split
calls=1 -87 
* 13
* 2
fi=(40)
-69 1
+2 1
-2 1
+34 2
+1 2
+1 1
fe=(37)
+48 10
+1 4
+1 2
+1 2
-1 2
-4 4
cfi=(39)
cfn=(114)
calls=2 -74 
* 130
* 2
cfi=(39)
cfn=(114)
calls=1 -74 
* 125
* 6
+8 3
+9 5
+3 8
-2 6
+14 1
+4 1
+1 1
+1 1
-20 3
+19 1
+1 1
-20 2
+8 2
+4 2
-4 3
+4 2
cfi=(42)
cfn=(122)
calls=1 -96 
* 19
+1 3
-14 8
+47 1
-4 2
+4 2
-3 1
+7 1
-7 2
+7 1
fi=(28)
56 1
cfi=(27)
cfn=(78)
calls=1 -20 
* 30
* 1
fe=(37)
194 2
+8 1
fi=(40)
43 1
fe=(37)
201 1
80 1
fi=(40)
-35 1
fe=(37)
+35 1
202 1
fi=(40)
77 1
+1 1
fe=(37)
202 3
fi=(40)
79 1
fe=(37)
-2 2
cfi=(39)
cfn=(114)
calls=1 -26 
* 23
* 2
fi=(40)
-34 1
+2 1
fe=(37)
+35 2
fi=(40)
-37 1
+34 2
+1 2
+1 3
fe=(37)
+1 4
+7 2
-7 8
cfi=(29)
cfn=(126)
calls=2 197 
* 26
+4 2
+2 2
+2 2
-2 4
-9 4
cfi=(39)
cfn=(114)
calls=2 -26 
* 130
* 2
cfi=(39)
cfn=(114)
calls=1 -26 
* 125
* 6
213 2
-5 1
+1 1
-1 1
+5 1
+3 9

fl=(64) ./elf/./elf/dl-deps.c
fn=(206) openaux
61 12
+7 2
-4 6
+1 2
-1 14
cfi=(30) ./elf/./elf/dl-load.c
cfn=(166) _dl_map_object
calls=2 1967 
* 5439
* 2
+5 6

fn=(202) _dl_map_object_deps
143 4
+1 2
-1 1
+1 1
-1 2
+1 1
-1 1
+1 1
-1 4
+1 3
-1 1
+1 7
-8 1
+8 2
-8 1
-6 1
-2 1
+16 1
-8 1
-7 1
+1 1
+6 1
+24 4
-28 3
-2 1
+31 1
-33 2
+2 2
+30 2
-30 1
-1 4
+7 4
+24 3
+28 3
-6 1
+46 1
fi=(72) ./elf/../include/scratch_buffer.h
77 1
fe=(64)
+87 1
fi=(72)
-87 1
+1 1
fe=(64)
184 1
+44 4
-31 1
-4 1
+4 5
-4 3
+4 6
+11 12
-18 2
+18 4
417 8
+2 2
+3 2
-3 6
+3 2
-3 2
fi=(28)
56 2
cfi=(27)
cfn=(78)
calls=2 -20 
* 60
fe=(64)
423 6
fi=(28)
56 2
fe=(64)
423 2
+6 2
+1 10
cfi=(29)
cfn=(82)
calls=2 210 
* 22
+1 10
cfi=(29)
cfn=(82)
calls=2 210 
* 22
+3 2
+1 4
+4 12
188 6
442 9
-1 4
+1 8
183 6
+27 8
+7 2
+4 2
-6 2
+1 2
+1 2
+1 4
+3 6
-2 2
-29 10
+32 112
+6 8
cfi=(30)
cfn=(204) _dl_dst_count
calls=2 +10 
* 118
* 6
+4 4
-2 2
+2 4
cfi=(50) ./elf/./elf/dl-catch.c
cfn=(160) _dl_catch_exception
calls=2 -28 
* 5615
+1 4
+9 2
+2 4
+5 10
+6 2
+2 2
-8 4
+3 2
+1 2
+1 2
+1 2
+4 2
-3 2
+3 6
+4 6
+1 3
-43 230
+7 4
+38 162
fi=(72)
85 3
fe=(64)
448 5
+1 1
+3 4
+11 5
fi=(28)
56 1
cfi=(27)
cfn=(78)
calls=1 -20 
* 30
fe=(64)
465 3
fi=(28)
56 1
fe=(64)
465 1
+5 2
+1 1
-1 3
+4 3
-2 2
+13 3
+5 3
-16 9
+11 3
-7 3
+7 3
-2 6
-5 1
+7 1
-2 2
+2 1
-11 1
+11 1
+5 1
-16 3
+21 3
+37 2
+15 2
-14 2
+20 1
-1 4
+1 4
-1 5
cfi=(13)
cfn=(232) _dl_sort_maps
calls=1 298 
* 277
+5 1
+2 1
+1 1
+1 2
-2 1
+2 1
+7 3
+3 2
+3 8
198 25
+3 2
fi=(72)
-70 8
cfi=(71) ./malloc/./malloc/scratch_buffer_set_array_size.c
cfn=(228) __libc_scratch_buffer_set_array_size
calls=2 30 
* 50
fe=(64)
+70 6
+4 4
547 4
cfi=(29)
cfn=(82)
calls=1 210 
* 11
* 3
-53 2
144 2

fl=(265) ./elf/./elf/dl-fini.c
fn=(930) _dl_fini
26 5
+17 1
-17 6
+20 13
+3 2
cob=(2) /usr/lib/x86_64-linux-gnu/libc.so.6
cfi=(217) ./nptl/./nptl/pthread_mutex_lock.c
cfn=(790) pthread_mutex_lock@@GLIBC_2.2.5
calls=1 +28 
* 44
+2 1
+3 2
+2 5
+7 3
-2 1
+2 1
cfi=(48) ./elf/./elf/dl-audit.c
cfn=(482) _dl_audit_activity_nsid
calls=1 -22 
* 11
+5 15
+5 1
-5 1
+5 3
+2 8
+2 8
+2 8
+1 4
+1 4
+4 4
-12 12
+14 6
+1 4
+6 6
cfi=(13)
cfn=(232)
calls=1 298 
* 317
+9 2
cob=(2)
cfi=(218) ./nptl/./nptl/pthread_mutex_unlock.c
cfn=(792) pthread_mutex_unlock@@GLIBC_2.2.5
calls=1 367 
* 37
+5 6
+2 1
+2 2
-2 3
+2 6
+2 16
cfi=(266) ./elf/./elf/dl-call_fini.c
cfn=(932) _dl_call_fini
calls=4 -90 
* 328
+3 8
cfi=(48)
cfn=(958) _dl_audit_objclose
calls=4 -20 
* 20
-9 8
+14 4
-14 12
+18 3
cfi=(48)
cfn=(482)
calls=1 -85 
* 11
* 2
+6 4
+2 1
-2 2
+6 2
+7 8
-77 2

fl=(45) ./elf/./elf/dl-debug.c
fn=(196) _dl_debug_update
38 3
+3 3
-1 6
+4 6
+4 3

fn=(144) _dl_debug_initialize
56 3
+3 2
+4 1
+22 1
+10 1
-32 2
+1 1
+21 2
+5 2
+1 1
+4 1
-4 1
-1 1
+2 1
+3 1
+4 2
+8 2
-50 1
+4 2
+35 6

fn=(150) _dl_debug_state
116 2
+1 2

fl=(26) ./elf/./elf/dl-object.c
fn=(72) _dl_new_object
59 45
+3 6
+18 4
+3 2
cfi=(22)
cfn=(62)
calls=2 -26 
* 52
+4 2
-4 2
+4 2
+5 2
-9 6
fi=(28)
-39 4
cfi=(27)
cfn=(74) __minimal_calloc
calls=2 +36 
* 183
fe=(26)
+39 1
fi=(28)
-39 2
cfi=(27)
cfn=(74)
calls=1 +36 
* 47
* 3
fe=(26)
+51 6
+5 3
+4 3
-6 3
+2 3
+4 3
-5 3
+4 3
+1 3
-1 3
+1 6
cfi=(29)
cfn=(82)
calls=3 210 
* 44
* 3
+15 3
-15 3
+2 3
+13 6
+6 1
+2 7
+3 2
-3 14
+3 4
+2 3
+4 3
+3 10
+2 12
-2 8
+2 8
-2 16
+16 6
-5 3
+5 3
-6 3
+6 3
-6 3
+6 6
+2 4
+3 4
-3 4
+7 8
+4 6
+8 1
+13 1
-10 2
+10 5
-10 4
+10 6
+2 2
cfi=(22)
cfn=(62)
calls=2 57 
* 70
+21 2
-21 6
+17 2
-13 6
+50 6
cfi=(29)
cfn=(126)
calls=2 -48 
* 34
* 2
+5 4
+1 4
-1 80
+1 80
+4 4
+1 2
+3 2
+4 27
131 6
-8 2
-4 4
+34 1
+7 4
+8 8
fi=(28)
56 4
cfi=(27)
cfn=(78)
calls=2 -20 
* 60
* 2
fe=(26)
200 4
-1 4
64 2
+2 3
+1 2
+4 6
+6 2

fn=(84) _dl_add_to_namespace_list
31 12
+2 3
-2 6
+2 3
-2 9
+2 3
cfi=(24) ./elf/../sysdeps/nptl/dl-tls_init_tp.c
cfn=(86) rtld_mutex_dummy
calls=3 +9 
* 9
+2 26
+3 20
+2 2
+2 2
+4 2
+4 2
-4 4
+1 4
+1 4
+3 10
-1 2
cfi=(24)
cfn=(86)
calls=2 -8 
* 6
-4 1
+4 1
-4 2
+1 2
+1 2
+3 5
-1 1
cfi=(24)
cfn=(86)
calls=1 -8 
* 3
-5 2

fl=(13)
fn=(26)
289 2
+1 2
-1 2
+1 2
cfi=(11)
cfn=(28)
calls=1 +97 
* 24
+2 3
-1 1
+2 2

fn=(234) dfs_traversal.part.0
135 72
+10 8
-2 8
+2 16
+2 20
-7 20
+7 40
+9 16
+15 24
+1 8
+1 48
-17 12

fn=(232)
298 24
+8 2
-8 2
+8 4
+4 16
-99 2
-28 2
-2 2
+1 4
+29 2
-28 8
+1 2
-1 2
+1 2
-1 4
+1 6
-1 6
+1 6
-1 12
+28 30
+8 6
-3 2
+2 2
+1 4
-3 2
+5 26
+2 8
-83 40
cfn=(234)
calls=8 -5 
* 292
+86 24
+18 8
+32 8
+7 2
+27 2
-47 6
cfi=(29)
cfn=(82)
calls=2 -53 
* 22
* 2

fl=(25) ./elf/./elf/dl-environ.c
fn=(70) _dl_next_ld_env_entry
28 3
+1 3
+3 76
+13 66
-13 132
+2 136
+1 18
+5 2
-3 2
+3 2
+2 2

fl=(142)
fn=(444)
95 8
+1 8
+1 4
+6 20
+1 119
+1 82
+2 12
+5 4

fl=(146) ./elf/./elf/dl-lookup-direct.c
fn=(460) _dl_lookup_direct
74 30
+2 3
-2 6
+4 3
-4 3
+2 3
+2 9
+37 3
-37 9
+1 6
+2 12
+3 25
+2 6
-54 3
+54 3
-54 3
+54 3
-54 9
+1 9
+2 6
+1 6
+12 9
+3 3
+2 6
-2 3
+2 9
cfi=(32)
cfn=(94)
calls=3 +45 
* 209
* 6
+4 6
+1 3
-1 3
+1 18
+1 9
cfi=(32)
cfn=(94)
calls=3 +39 
* 198
* 6
+57 27
-23 6

fl=(22)
fn=(62)
57 15
+44 15
+1 15
+1 15
+1 15
+1 15
+1 15
+1 15
+2 15
+2 15
+31 15
+1 15
+1 15
+1 15
+1 15
+1 9
+2 9
+4 6
+1 6
+1 6
+1 6
+1 6
+1 6
+1 6
+1 6
+1 6
+1 6
+1 6
+1 6
+5 48

fl=(23)
fn=(64)
37 4
+3 1
-3 2
+21 2
+4 2
+16 5

fl=(7) ./elf/./elf/dl-minimal.c
fn=(454) lookup_malloc_symbol
61 8
+3 4
-3 12
+3 4
-3 12
+3 4
-3 4
+2 4
+1 16
cfi=(78) ./elf/./elf/dl-lookup.c
cfn=(270) _dl_lookup_symbol_x
calls=4 772 
* 2196
+4 28
+1 28
+2 4
fi=(144) ./elf/./dl-sym-post.h
-30 8
+12 12
fe=(7)
+19 24

fn=(450) __rtld_malloc_init_real
76 2
+10 1
fi=(143) ./elf/../sysdeps/generic/dl-hash.h
-41 1
-1 1
fe=(7)
+32 8
+11 1
-1 1
fi=(143)
-43 1
+5 3
+14 4
-17 3
+3 15
+14 20
-17 15
fe=(7)
+46 2
fi=(143)
-24 1
fe=(7)
+22 1
+2 2
fi=(143)
-19 1
fe=(7)
+19 1
cfn=(454)
calls=1 -30 
* 574
+1 3
-1 1
+1 1
cfn=(454)
calls=1 -31 
* 563
+1 3
-1 1
+1 1
cfn=(454)
calls=1 -32 
* 648
+1 3
-1 1
+1 1
cfn=(454)
calls=1 -33 
* 583
+5 1
+1 1
+1 1
+1 1
+1 8

fn=(12) __rtld_malloc_init_stubs
42 1
+1 2
+1 2
+1 2
+1 2
+1 1

fn=(134) strsep
239 2
+3 4
+2 2
+1 4
+4 3
-2 2
+4 28
+5 84
-2 56
+13 1
+4 4
-22 14
+15 14
-15 30

fl=(140) ./misc/../sysdeps/unix/syscall-template.S
fn=(486) munmap
117 5
+5 1

fn=(436) mprotect
117 20
+5 4

fl=(70) ./io/../sysdeps/unix/sysv/linux/pread64_nocancel.c
fn=(224) __pread64_nocancel
25 4
+1 8
+1 2

fl=(38)
fn=(110)
29 1
fi=(19)
+2 1
fe=(38)
+7 1
fi=(19)
-8 4
fe=(38)
+22 1
fi=(19)
-20 3
+4 1
fe=(38)
+2 1
fi=(19)
-2 2
+3 4
+1 4
+5 1
fe=(38)
-7 1
fi=(19)
+7 3
fe=(38)
-2 1
fi=(19)
+5 2
+3 5
+2 4
+1 2
+1 2
+3 1
fe=(38)
-10 1
fi=(19)
+10 3
fe=(38)

fl=(11)
fn=(58)
153 15
-81 40
+81 15
-81 10
+10 5
fi=(272) ./elf/./dl-tunable-types.h
+2 5
fe=(11)
+9 40
+1 25
fi=(12) ./elf/./elf/dl-tunables.h
+47 10
fe=(11)
-26 25
+1 5
+1 5
+1 5
+39 15
fi=(12)
-15 10
fe=(11)
-45 10
+3 5
fi=(12)
+51 5
fe=(11)
-51 5
+4 10
+7 10
+1 10
-12 25

fn=(22)
261 8
+22 1
-22 1
128 1
283 1
-22 1
+6 4
42 345
+6 68
-3 68
+3 7303
+4 136
+4 136
fi=(12)
160 68
fe=(11)
56 136
fi=(12)
161 26
-1 146
+1 230
-1 136
fe=(11)
281 11152
+6 20196
fi=(12)
160 680
+1 1360
-1 33
+1 132
-1 165
fe=(11)
304 8

fn=(28)
387 37
+3 74
-3 37
+3 296
+9 34
-9 68
+19 22
+7 222
+2 37
-19 15
+1 15
+9 6

fl=(63) ./io/../sysdeps/unix/sysv/linux/access.c
fn=(200) access
25 1
+2 7
+4 1

fl=(147) ./elf/./elf/dl-call-libc-early-init.c
fn=(464) _dl_call_libc_early_init
27 1
+2 2
-2 1
+6 3
-6 3
+6 1
-6 2
+6 1
cfi=(146)
cfn=(460)
calls=1 +41 
* 225
+4 2
+2 3
+2 1
-1 1
-1 1
+2 2
-1 1
cob=(2)
cfi=(148) ./elf/./elf/libc_early_init.c
cfn=(466) __libc_early_init
calls=1 -7 
* 353

fl=(2)
fn=(2) _dl_start
517 16
85 1
547 4
85 1
543 1
fi=(6)
55 1
fe=(2)
+30 1
546 1
85 1
fi=(3) ./elf/./get-dynamic-info.h
-40 1
fe=(2)
546 1
fi=(3)
45 2
+23 18
-23 72
+4 36
+3 5
-1 10
+3 20
+1 16
+1 5
fi=(4) ./elf/../sysdeps/generic/ldsodefs.h
+23 1
fi=(3)
+31 1
-38 3
+12 4
+1 3
+1 4
+1 4
+1 5
+1 3
+1 4
+1 4
+12 7
+7 2
-51 4
+64 3
+6 3
+1 3
+3 2
+1 3
+5 5
+3 5
fe=(2)
563 154
fi=(4)
79 1
fe=(2)
563 1
fi=(4)
79 2
fe=(2)
563 27
fi=(6)
287 3
fi=(5) ./elf/./elf/do-rel.h
49 1
fe=(2)
563 1
fi=(5)
50 1
-1 2
+4 1
-3 1
+3 4
+3 2
-7 1
fe=(2)
563 1
fi=(5)
50 1
-1 2
+4 1
-3 1
+3 4
+3 2
+7 3
+2 3
-2 6
fi=(6)
278 3
fi=(5)
64 6
fi=(6)
278 6
+9 24
+3 6
+1 6
+26 8
+6 2
fi=(5)
61 13
fe=(2)
563 6
fi=(5)
51 1
fi=(4)
+28 2
fi=(3)
-17 4
+2 4
fe=(2)
565 1
+13 1
cfi=(7)
cfn=(12)
calls=1 42 
* 10
458 2
85 1
476 2
85 3
476 1
cfi=(8) ./elf/./elf/dl-setup_hash.c
cfn=(14) _dl_setup_hash
calls=1 25 
* 27
+2 1
+16 2
-17 1
+11 1
-10 1
+16 1
cfi=(9)
cfn=(16)
calls=1 102 
* 162949
* 1
+2 2
+89 9
fi=(3)
103 3
fe=(2)

fn=(154) handle_preload_list
869 11
+5 1
-5 2
+5 2
-4 3
+7 3
cfi=(49)
cfn=(156)
calls=1 32 
* 254
* 1
+1 3
+9 1
183 1
889 2
183 2
891 2
-80 1
+5 1
-6 1
-4 1
+10 2
-6 1
+4 1
+2 2
-5 1
+1 1
+4 1
cfi=(50)
cfn=(158) _dl_catch_error
calls=1 254 
* 2754
+1 3
+8 3
+67 1
-18 2
+21 9
-15 4
cfi=(29)
cfn=(82)
calls=1 210 
* 19
+1 2

fn=(66)
1346 2
197 1
1346 11
199 1
302 1
+1 1
197 1
+99 3
1357 1
cfi=(24)
cfn=(68) __tls_pre_init_tp
calls=1 53 
* 17
2749 1
2538 1
2749 2
2598 1
+2 2
+15 1
-13 2
cfi=(25)
cfn=(70)
calls=1 28 
* 89

ob=(3)
fl=(153)
fn=(556) 0x00000000001091d0
0 6
cob=(2)
cfi=(170) ./malloc/./malloc/malloc.c
cfn=(558) malloc
calls=3 3294 
0 2203

fn=(686) 0x0000000004872430
0 8
cob=(2)
cfi=(193) ./string/../sysdeps/x86_64/multiarch/memmove-vec-unaligned-erms.S
cfn=(688) __mempcpy_avx_unaligned_erms
calls=4 242 
0 55

fn=(736) 0x0000000004872590
0 20
cob=(2)
cfi=(189) ./string/../sysdeps/x86_64/multiarch/strchr-avx2.S
cfn=(738) __strchrnul_avx2
calls=10 53 
0 190

fn=(940) 0x0000000000109140
0 2
cob=(2)
cfi=(267) ./stdlib/./stdlib/cxa_finalize.c
cfn=(942) __cxa_finalize
calls=1 30 
0 78

fn=(500) 0x000000000483d000
0 7

fn=(662) 0x0000000004872740
0 6
cob=(2)
cfi=(190) ./string/../sysdeps/x86_64/multiarch/memset-vec-unaligned-erms.S
cfn=(664) __memset_avx2_unaligned_erms
calls=3 158 
0 108

fn=(666) 0x0000000000109170
0 2
cob=(2)
cfi=(191) ./libio/./libio/iofread.c
cfn=(668) fread
calls=1 31 
0 735

fn=(586) 0x0000000004872500
0 8
cob=(2)
cfi=(178) ./string/../sysdeps/x86_64/multiarch/strlen-avx2.S
cfn=(588) __strlen_avx2
calls=4 52 
0 72

fn=(786) 0x0000000004872700
0 4
cob=(1)
cfi=(46) ./elf/../elf/dl-tls.c
cfn=(788) _dl_allocate_tls
calls=2 626 
0 988

fn=(654) 0x0000000004872680
0 2
cob=(2)
cfi=(189)
cfn=(656) __strchr_avx2
calls=1 53 
0 21

fn=(752) 0x0000000000109220
0 2
cob=(2)
cfi=(203) ./nptl/./nptl/pthread_mutex_init.c
cfn=(754) pthread_mutex_init@@GLIBC_2.2.5
calls=1 53 
0 45

fn=(846) 0x0000000000109230
0 40
cob=(2)
cfi=(217)
cfn=(790)
calls=20 77 
0 720

fn=(976) 0x000000000483d294
0 4

fn=(530) 0x0000000000109000
0 7

fn=(602) 0x00000000048723f0
0 6
cob=(2)
cfi=(170)
cfn=(558)
calls=3 3294 
0 536

fn=(724) 0x00000000001091a0
0 6
cob=(2)
cfi=(196) ./stdio-common/./stdio-common/printf.c
cfn=(726) printf
calls=3 28 
0 4244

fn=(848) 0x00000000001091c0
0 40
cob=(2)
cfi=(218)
cfn=(792)
calls=20 367 
0 520

ob=(1)
fl=(2)
fn=(66)
2602 4
cfi=(25)
cfn=(70)
calls=2 28 
* 353
* 9
+4 6
-2 2
+2 6
+1 2
-1 6
+1 17
-1 89
+9 12
2727 3
1373 1
+1 2
-1 2
+1 2
2687 3
-47 2
+10 2
1637 9
cfi=(26)
cfn=(72)
calls=1 59 
* 210
* 1
+2 2
+1 3
+6 1
-5 2
+1 3
+4 1
cfi=(26)
cfn=(84)
calls=1 31 
* 42
+1 2
1116 1
-1 1
1351 1
1143 1
-21 2
+21 2
-19 1
+1 1
-3 1
+21 2
+57 1
-82 1
+25 1
-3 1
+4 1
+19 1
+37 4
-56 102
+56 4
-1 4
+1 8
-1 4
+2 8
+1 1
+2 12
+1 14
+4 8
+1 8
+1 4
+4 12
-72 27
1253 2
+1 22
+6 4
cfi=(30)
cfn=(88) _dl_process_pt_gnu_property
calls=1 868 
* 90
-7 26
+1 13
+6 13
-6 26
fi=(31) ./elf/../sysdeps/x86/dl-prop.h
235 4
+1 2
-87 4
fe=(2)
1148 1
-5 1
+5 2
-5 2
+30 1
-9 2
+2 1
-3 1
+10 2
+18 2
-38 2
-10 1
+10 1
+1 9
-11 2
+1 14
1247 1
1143 1
1247 2
1143 3
1266 4
+3 3
+2 3
1672 3
+2 2
-1 1
+1 1
+1 3
-2 2
cfi=(32)
cfn=(94)
calls=1 98 
* 25
* 2
+7 1
+3 1
-5 1
+3 1
+2 1
+1 2
+4 2
+2 2
fi=(3)
39 4
+4 1
+2 1
+9 1
+1 1
-10 2
+23 26
-23 104
+4 52
+3 6
-1 12
+3 24
+1 20
fe=(2)
1243 1
1143 1
1243 1
1143 2
fi=(3)
72 4
+43 2
+7 3
+1 4
+6 3
+18 4
+5 2
+2 2
+2 2
+2 2
+1 2
+3 4
+2 3
+1 2
+9 2
+6 2
+1 3
+3 3
fe=(2)
1698 4
+7 2
cfi=(8)
cfn=(14)
calls=1 25 
* 27
+3 2
fi=(33) ./elf/./setup-vdso.h
24 2
fi=(36) ./elf/./dl-main.h
+85 2
fi=(35) ./elf/../sysdeps/unix/sysv/linux/dl-vdso-setup.h
-64 1
fi=(36)
+64 3
cfi=(30)
cfn=(106) _dl_init_paths
calls=1 706 
* 2322
fe=(2)
1733 3
cfi=(45)
cfn=(144)
calls=1 56 
* 34
+7 1
-5 1
-2 1
+7 1
+4 1
+1 1
+2 1
-3 3
+1 2
+3 1
+11 1
-13 1
+13 1
+1 2
+5 1
-3 2
+2 1
+1 2
+5 3
+1 5
-1 2
224 1
+1 1
-1 1
+1 3
+1 2
1788 2
+5 1
-1 1
1352 1
1793 1
+24 1
cfi=(46)
cfn=(146) _dl_count_modids
calls=1 192 
* 6
* 1
fi=(47) ./elf/../sysdeps/generic/dl-debug.h
29 4
+1 1
fe=(2)
1823 1
+1 1
cfi=(45)
cfn=(150)
calls=1 116 
* 2
+1 1
+4 3
cfi=(48)
cfn=(152) _dl_audit_activity_map
calls=1 29 
* 17
+5 3
+2 1
+2 2
+9 2
+16 4
cfi=(63)
cfn=(200)
calls=1 25 
* 9
* 2
+76 4
+16 3
85 1
1965 1
85 2
1965 1
85 1
1965 5
85 1
1965 2
cfi=(64)
cfn=(202)
calls=1 143 
* 7228
92 1
+9 1
1971 1
92 2
+9 2
1971 2
+1 6
-1 4
+1 6
-1 12
+4 3
+1 2
+1 1
+2 14
+1 6
+46 1
-42 2
+8 3
+1 2
+2 1
+2 3
+2 1
-4 1
+5 1
-1 2
+14 2
+1 2
+1 3
-25 1
+36 2
+2 1
-2 1
+2 2
-2 1
+1 2
+1 1
-1 2
+1 1
cfi=(50)
cfn=(236) _dl_receive_error
calls=1 186 
* 3801
+10 1
+1 1
-1 1
+1 1
+3 2
837 1
fi=(273) ./elf/../sysdeps/unix/sysv/linux/dl-osinfo.h
39 2
fe=(2)
839 1
fi=(273)
52 1
fe=(2)
848 1
+7 1
-5 1
2047 3
2246 2
+4 1
-4 1
+10 1
-6 1
+6 1
-6 1
+9 2
+8 2
fi=(31)
36 2
+1 3
+3 3
+13 6
-13 3
+9 6
-9 1
+9 16
+4 12
-16 12
+34 1
fe=(2)
2279 1
fi=(31)
71 1
cfi=(76)
cfn=(260)
calls=1 361 
* 55
fe=(2)
2282 1
-3 2
+5 1
-2 2
+2 2
+1 6
cfi=(77) ./elf/./elf/dl-reloc.c
cfn=(262) _dl_relocate_object
calls=1 207 
* 67964
85 2
2292 1
85 2
2292 1
+1 17
+2 8
+5 8
+2 8
+6 4
+2 8
+1 24
cfi=(77)
cfn=(262)
calls=3 207 
* 18619
+4 10
+1 2
-23 1
+23 1
cfi=(46)
cfn=(438) _dl_add_to_slotinfo
calls=1 1017 
* 28
-23 3
92 3
+1 1
2325 1
93 1
2325 1
+4 4
+2 1
+7 4
cfi=(46)
cfn=(440) _dl_allocate_tls_init
calls=1 523 
* 149
+3 2
+4 3
+2 2
+33 3
cfi=(147)
cfn=(464)
calls=1 27 
* 603
+7 1
cfi=(9)
cfn=(480)
calls=1 147 
* 2
+3 3
cfi=(48)
cfn=(482)
calls=1 41 
* 11
+4 2
cfi=(45)
cfn=(196)
calls=1 38 
* 7
+1 1
-1 1
+2 1
cfi=(45)
cfn=(150)
calls=1 116 
* 2
+1 1
+4 1
cfi=(67) ./elf/./elf/dl-cache.c
cfn=(484) _dl_unload_cache
calls=1 525 
* 19
+5 8
2304 1
+1 1
-3 2
226 2
-2 1
+1 1
1773 1
+6 1
-6 2
+6 1
fi=(3)
56 5
+3 4
fi=(34) ./elf/../sysdeps/unix/sysv/linux/dl-vdso.h
-19 2
+1 5
fi=(35)
-11 1
+3 1
+3 1
+3 1
fi=(34)
+16 2
fi=(3)
+17 3
+12 3
+1 5
+1 5
+1 5
+1 4
+1 5
+1 5
+1 5
+12 2
+7 1
-7 7
+7 2
fe=(2)
1743 4
2357 1
cfi=(141)
cfn=(442)
calls=1 561 
* 581
+5 3
cfi=(7)
cfn=(450)
calls=1 76 
* 2479
+3 1
cfi=(145) ./elf/../sysdeps/nptl/dl-mutex.c
cfn=(458) __rtld_mutex_init
calls=1 30 
* 503
85 1
2371 1
+1 3
85 3
2372 2
cfi=(77)
cfn=(262)
calls=1 207 
* 1613
92 3
+9 3
2687 2
+2 1
+1 1
-1 1
+1 1
+1 1
2040 2
cfn=(246) init_tls
calls=1 734 
* 831
* 2
2650 2
+2 2
+1 1
fi=(3)
62 4
+2 4
fe=(2)
1943 10
85 1
1842 2
85 3
1842 2
cfn=(154)
calls=1 869 
* 3098
* 1
92 3
+9 3
1943 6
+1 1
-1 1
+4 3
+1 1
+1 2
+1 2
-7 2

fn=(164) map_doit
641 2
+2 1
-2 4
+2 1
+1 2
-1 2
+1 3
cfi=(30)
cfn=(166)
calls=1 1967 
* 2643
* 1
+2 3

fn=(238) version_check_doit
674 2
+2 1
-2 4
+2 3
cfi=(73) ./elf/./elf/dl-version.c
cfn=(240) _dl_check_all_versions
calls=1 392 
* 3764
* 2
+4 3

fn=(246)
734 1
+6 1
-6 3
+2 2
+4 2
+11 1
fi=(28)
44 1
fe=(2)
746 1
+4 1
fi=(28)
44 1
cfi=(27)
cfn=(74)
calls=1 +36 
* 41
fe=(2)
761 1
-12 1
+6 1
-9 1
+11 1
+4 1
+2 3
-1 2
+3 8
+4 1
+2 1
-2 2
-5 1
-1 2
+10 3
+3 2
cfi=(46)
cfn=(248) _dl_tls_static_surplus_init
calls=1 97 
* 86
+3 1
cfi=(46)
cfn=(250) _dl_determine_tlsoffset
calls=1 216 
* 79
+7 1
cfi=(46)
cfn=(252) _dl_allocate_tls_storage
calls=1 417 
* 469
* 1
+1 2
+6 1
fi=(74) ./elf/../sysdeps/generic/dl-call_tls_init_tp.h
31 2
fe=(2)
793 1
fi=(74)
31 6
+2 1
cfi=(24)
cfn=(256) __tls_init_tp
calls=1 +35 
* 79
fe=(2)
800 1
-3 1
+3 4
-36 3
-1 7

fl=(155) ./elf/./elf/dl-init.c
fn=(498) call_init.part.0
26 48
+17 4
+3 4
-3 8
+3 8
+5 6
+8 9
+1 6
cob=(3)
cfi=(153)
cfn=(500)
calls=1 -60 
* 7
+3 3
+1 6
+6 4
+2 4
-2 2
+3 13
+1 4
cob=(2)
cfi=(160) ./libio/./libio/vtables.c
cfn=(518) check_stdfiles_vtables
calls=1 545 
* 12
* 8
cob=(2)
cfi=(157) ./csu/./csu/init-first.c
cfn=(510) _init_first
calls=1 -28 
* 72
cob=(4)
cfi=(156)
cfn=(504)
calls=1 -74 
* 12
-1 9
+3 32
-29 2

fn=(496) _dl_init
81 13
+1 1
+1 1
+3 3
+8 2
+25 1
+1 8
+1 8
-92 8
+6 12
+2 17
+83 6
cfn=(498)
calls=3 -94 
* 206
* 6
+7 8
-98 2
+60 2
-54 3
+2 7
cfn=(498)
calls=1 -11 
* 77
* 2

fl=(46)
fn=(440)
523 11
+1 2
+4 1
+6 1
-6 1
+6 1
cfi=(24)
cfn=(86)
calls=1 42 
* 3
+3 3
+12 1
-18 1
+42 3
-19 12
+9 3
+1 2
+6 3
+3 1
-2 1
+2 1
-2 1
+2 4
+4 1
-4 1
+4 1
-1 2
+4 2
+1 4
+2 2
+1 2
+17 1
-8 1
+8 1
+2 4
cfi=(29)
cfn=(126)
calls=1 197 
* 13
* 6
cfi=(43) ./string/../sysdeps/x86_64/multiarch/../multiarch/memset-vec-unaligned-erms.S
cfn=(130) memset
calls=1 132 
* 25
-49 1
+55 1
-55 4
+6 5
+55 2
cfi=(24)
cfn=(86)
calls=1 42 
* 3
+3 2
+3 9

fn=(248)
97 2
+3 1
-3 3
+3 1
-3 1
+3 1
-3 1
+3 1
-3 1
+3 1
cfi=(11)
cfn=(28)
calls=1 387 
* 23
* 1
+1 4
cfi=(11)
cfn=(28)
calls=1 387 
* 23
+1 1
+2 1
-3 1
+1 2
+2 3
+3 1
+2 1
-26 3
+28 3
+1 6

fn=(788)
626 20
+1 4
365 2
fi=(28)
44 2
fe=(46)
369 2
+1 2
fi=(28)
44 2
cob=(2)
cfi=(170)
cfn=(660) calloc
calls=2 3699 
* 534
fe=(46)
371 4
+9 2
-6 2
+6 4
534 4
cob=(2)
cfi=(217)
cfn=(790)
calls=2 77 
* 88
+3 6
+12 2
+24 2
-42 2
-1 4
+24 16
+9 6
+1 4
+6 6
+3 2
-2 2
+6 2
-6 2
+2 2
+4 2
-4 6
+3 4
+4 4
+1 8
+2 4
+1 2
+19 8
-19 2
+19 2
-10 2
+10 4
cfi=(29)
cfn=(126)
calls=2 197 
* 26
* 12
cfi=(43)
cfn=(130)
calls=2 132 
* 50
-49 2
+55 6
-55 8
+6 8
+55 4
cob=(2)
cfi=(218)
cfn=(792)
calls=2 367 
* 74
+3 2
+2 2
+10 16

fn=(146)
192 1
+2 2
+1 1
+15 2

fn=(250)
216 9
+6 4
+3 2
+36 3
+2 1
-2 1
-2 1
-40 1
-1 1
-1 1
+46 2
+23 3
+3 1
-3 5
+2 2
+6 1
-33 2
+20 1
-20 5
+2 2
+3 1
-1 1
+5 2
-5 1
+1 1
-1 1
+3 2
+2 3
+32 2
-1 1
+53 1
-52 5
+2 2
+51 8

fn=(438)
1017 8
+9 1
-9 1
+6 1
+4 1
+4 3
+34 2
+3 2
+1 3
+3 6

fn=(226) _dl_assign_tls_modid
125 1
+16 1
-13 1
-3 3
+3 1
+55 1
-2 1
+5 1
+1 2

fn=(252)
417 7
+2 1
+11 1
+1 1
fi=(28)
56 1
cfi=(27)
cfn=(78)
calls=1 -20 
* 85
fe=(46)
432 2
+8 3
fi=(28)
44 1
fe=(46)
440 2
+5 1
-5 1
+1 1
+4 304
+19 1
-99 1
+4 1
+1 1
fi=(28)
44 1
cfi=(27)
cfn=(74)
calls=1 +36 
* 41
fe=(46)
371 2
+3 1
+6 2
+90 7

fl=(39)
fn=(120)
25 5
+1 3
+21 1
-20 1
+20 3

fn=(114)
51 110
-25 44
+36 5
-7 5
+7 35
-26 24
+5 27
cfi=(41) ./string/../sysdeps/x86_64/multiarch/../multiarch/strchr-sse2.S
cfn=(118) index
calls=9 -9 
* 216
* 9
+1 18
+3 6
+11 12
+1 18
+1 12
-2 6
+1 9
+1 6
-28 24
+4 48
+1 12
-1 30
+24 6
+9 12
-5 6
-2 6
+2 42
-19 6
cfi=(22)
cfn=(62)
calls=3 +14 
* 51
* 6

fl=(145)
fn=(458)
30 2
+10 3
-10 3
+10 1
-10 1
+10 1
-10 1
+7 1
+3 2
cfi=(146)
cfn=(460)
calls=1 +34 
* 233
+4 2
+1 8
+2 3
-2 1
+2 3
cfi=(146)
cfn=(460)
calls=1 +27 
* 223
+4 2
+1 7
+1 6

fl=(41)
fn=(118)
32 15
+1 15
+1 15
+1 15
+1 15
+1 15
+1 15
+1 15
+1 15
+1 15
+1 15
+1 15
+1 15
+1 15
+1 15
+1 15
+1 15
+1 15
+1 13
+4 13
+1 13
+1 13
+1 13
+2 13
+4 2
+1 2
+1 2
+1 2
+1 2
+1 2
+1 2
+1 2
+1 2
+1 2
+1 2
+1 2
+1 2
+1 2
+1 2
+1 2
+1 2
+1 2
+1 2
+1 2
+1 2
+1 2
+1 2
+1 2
+52 2
+4 2
+1 2
+1 2
+1 2
+2 2

fl=(73)
fn=(240)
392 7
+4 5
-2 1
+4 24
cfn=(242) _dl_check_map_versions
calls=4 155 
* 3692
-2 4
+2 12
-1 4
-1 8
+5 7

fn=(242)
155 40
+15 12
+2 20
+2 4
+1 4
+2 8
+3 4
-16 4
+20 2
-4 2
-24 2
+28 14
+16 4
36 2
200 2
36 14
+1 5
-1 10
+2 21
cfi=(52)
cfn=(168)
calls=7 +30 
* 674
* 16
208 6
+5 2
fi=(274) ./elf/../sysdeps/generic/_itoa.h
76 6
fe=(73)
213 4
+4 4
+1 4
-1 4
+4 2
-3 2
+3 2
-3 6
-1 8
+1 8
-1 8
+4 4
-3 4
+3 4
-3 27
56 24
+8 18
+6 18
+16 6
+1 12
+2 6
+5 42
+14 114
+12 153
+4 51
-30 102
231 24
+3 18
+5 4
-24 4
110 6
+3 30
cfi=(32)
cfn=(94)
calls=6 -15 
* 196
* 18
224 18
+4 4
+15 6
+14 10
+3 4
+3 14
+3 8
+4 2
-7 8
+3 6
+4 44
-7 176
+3 134
+8 6
+6 6
fi=(28)
44 3
fe=(73)
280 6
fi=(28)
44 3
cfi=(27)
cfn=(74)
calls=3 +36 
* 123
fe=(73)
281 6
-2 3
fi=(28)
44 3
fe=(73)
281 3
+13 3
-3 3
+3 12
+2 6
+3 8
+4 6
+7 6
+1 6
-1 18
+1 6
+1 6
-2 6
+2 12
+1 18
+3 18
+5 4
-15 4
+2 4
-2 4
+2 4
-2 4
+2 8
-2 2
+2 2
-2 2
+2 2
-2 2
+2 4
+16 6
+10 4
+3 4
+4 46
+6 46
+1 46
+1 46
-1 138
+1 46
-1 46
+1 46
+1 46
+3 138
+4 46
-14 96
+10 6
+12 4
+1 4
+1 4
+1 2
+19 36
164 2
-8 2
257 5
+17 3
+60 2
-40 2
+76 4
+2 4
+4 2
-4 120
+1 60
+2 1
+1 2
-1 1
+1 1
cfi=(32)
cfn=(244)
calls=1 98 
* 32
* 2

fl=(67)
fn=(222) _dl_cache_libcmp
357 10
+1 10
+32 10
-33 10
+1 22
+2 50
+2 50
-2 100
+20 98
+2 98
-12 40
+2 40
+14 40
+1 40
-29 80
+32 3
-28 2
+6 1
+2 1
-2 1
+1 1
-1 1
+1 1
-1 1
+2 3
+2 1
-3 1
+3 3
+2 2
+9 27

fn=(214) _dl_load_cache_lookup
403 10
+2 2
+3 3
+74 1
205 1
482 2
+3 3
fi=(69) ./elf/../sysdeps/x86/dl-procinfo.h
39 2
+3 3
cfi=(32)
cfn=(94)
calls=1 +56 
* 25
* 4
fe=(67)
208 6
cfi=(11)
cfn=(28)
calls=1 387 
* 23
* 1
+12 1
-10 1
-2 1
+12 2
-7 5
+9 5
+1 1
-32 2
+36 1
-4 1
+4 2
-5 40
+1 8
-32 16
+36 8
-4 8
+4 16
+4 27
cfn=(222)
calls=9 357 
* 674
+1 18
346 8
+3 2
220 4
347 6
220 14
+2 10
+20 2
+3 2
+2 4
cfn=(222)
calls=1 357 
* 73
* 2
-7 2
-30 3
+1 1
fi=(275) ./elf/../sysdeps/x86/dl-isa-level.h
28 2
fe=(67)
210 2
fi=(275)
28 1
fe=(67)
210 1
+1 1
-1 3
+76 3
fi=(275)
28 3
fe=(67)
259 2
+10 3
+1 4
+16 1
fi=(68) ./elf/../sysdeps/generic/dl-cache.h
125 1
fe=(67)
286 3
+9 2
+3 2
+3 1
+1 3
+28 2
500 2
+12 2
cfi=(22)
cfn=(62)
calls=1 57 
* 35
+1 1
-1 1
+1 12
+1 1
-1 1
+1 1
-1 1
+1 1
cfi=(29)
cfn=(82)
calls=1 210 
* 11
* 1
+1 1
cfi=(44) ./string/./string/strdup.c
cfn=(138) strdup
calls=1 40 
* 95
+1 8
411 4
cfi=(52)
cfn=(216)
calls=1 36 
* 103
* 1
+8 5
+1 8
+3 3
+1 1
-1 3
fi=(68)
194 1
+1 5
fe=(67)
431 1
+1 2

fn=(484)
525 1
+1 4
-1 1
+3 1
-3 1
+3 1
cfi=(140)
cfn=(486)
calls=1 117 
* 6
+7 1
-6 1
+4 1
+2 1

fl=(48)
fn=(198) _dl_audit_objopen
77 2
+1 8

fn=(542) _dl_audit_preinit
118 1
+1 4

fn=(152)
29 2
+2 1
-2 5
+1 1
+1 2
+6 6

fn=(958)
97 4
+1 16

fn=(482)
41 3
+4 12
+1 3
+1 15

fl=(71)
fn=(228)
30 26
+4 2
+1 4
+10 4
+18 2
-17 2
+17 10

fl=(57)
fn=(182)
47 12
+3 24
-3 72
+6 24
+5 72
+2 48
-7 29

fl=(15)
fn=(462) __x86_cpu_features
71 1
-32 3
+32 2

fn=(34)
37 1
+2 3
+2 1
cfi=(16)
cfn=(36)
calls=1 682 
* 7344

fl=(55)
fn=(178)
30 3
+9 12
+33 3

fl=(266)
fn=(932)
24 32
+4 8
+6 4
-2 4
+3 8
+3 2
+1 2
-1 2
+1 4
+3 8
+1 2
cob=(4)
cfi=(156)
cfn=(960)
calls=1 -43 
* 98
cob=(5) /home/mikeyku/softsys/debugneck_handbook/Debuglltleneck/build/sensor_program
cfi=(161) ???
cfn=(934) 0x0000000000001300
calls=1 -43 
* 98
-1 8
+5 4
+1 8
+1 4
+1 10
-1 2
cob=(3)
cfi=(153)
cfn=(976)
calls=1 -49 
* 4
cob=(3)
cfi=(153)
cfn=(956) 0x000000000010975c
calls=1 -49 
* 4
+1 12

fl=(65) ./io/../sysdeps/unix/sysv/linux/stat64.c
fn=(210) stat
28 6
+1 12
cfi=(66) ./io/../sysdeps/unix/sysv/linux/fstatat64.c
cfn=(212) fstatat
calls=3 146 
* 28

fl=(77)
fn=(262)
207 55
+1 10
+12 4
+4 16
-4 4
+6 12
+3 4
-1 4
+1 8
+22 20
+4 4
+7 6
fi=(6)
81 8
fi=(4)
-2 4
fe=(77)
301 8
fi=(4)
79 8
fe=(77)
301 9833
fi=(4)
79 1
fe=(77)
301 1
fi=(4)
79 2
fe=(77)
301 154
-80 8
fi=(6)
393 8
fe=(77)
190 4
+31 4
-31 4
fi=(6)
393 12
fi=(5)
49 4
fe=(77)
301 4
fi=(5)
50 4
+30 4
-31 8
+4 4
-3 4
+3 4
-3 4
+3 12
+27 8
-31 4
fe=(77)
301 4
fi=(5)
50 4
+30 4
-31 8
+4 4
-3 4
+3 4
-3 4
+3 12
+27 8
fe=(77)
301 24
fi=(5)
51 4
fi=(4)
+28 20
fi=(6)
730 8
+4 6
fe=(77)
304 20
+24 4
+3 8
+17 12
+2 40
-98 8
+3 4
+7 2
-9 2
+9 4
fi=(6)
81 4
fi=(5)
+33 24
+9 14
+1 2
fi=(6)
498 2
fi=(5)
124 2
fi=(6)
498 4
fi=(5)
124 4
fi=(6)
498 4
fi=(5)
124 4
fi=(6)
498 8
+5 12
+1 6
fi=(5)
123 6
fi=(6)
504 6
-5 6
fi=(5)
123 12
+3 24
+3 24
+2 21
fe=(77)
+59 6
fi=(5)
73 3
fe=(77)
190 3
fi=(5)
72 3
fe=(77)
190 27
fi=(5)
-57 6
+1 3
+1 3
-2 3
+2 3
+3 3
-5 3
+2 3
-2 3
+1 6
+2 3
-2 3
+2 9
+2 6
-5 338
+1 169
+1 169
-2 169
+2 169
+3 169
-5 169
+2 169
-2 169
+1 338
+2 169
-2 169
+2 507
+2 338
+9 125
fi=(6)
267 250
+7 250
+4 250
fe=(77)
170 500
fi=(4)
-30 330
fe=(77)
+31 220
+3 220
+8 206
-8 921
+12 204
-3 102
+1 102
+2 410
-3 1
+1 1
+2 107
+1 103
-1 103
+2 206
-1 412
+3 618
cfi=(78)
cfn=(270)
calls=103 772 
* 57082
+3 103
+1 206
-4 103
+4 515
fi=(6)
+93 437
+3 107
-3 336
+3 122
-3 122
+5 244
+25 750
423 24
fi=(5)
150 24
fi=(6)
423 202
fi=(5)
150 335
-19 697
+33 12
+1 64
+1 189
+3 94
+4 47
-1 47
-3 47
+2 94
+2 47
-2 94
fe=(77)
-1 188
fi=(6)
287 47
+3 47
-3 47
+4 94
476 94
+2 47
cfi=(15)
cfn=(462)
calls=1 71 
* 6
cob=(2)
cfi=(139) ./string/../sysdeps/x86_64/multiarch/strncase.c
cfn=(432) strncasecmp
calls=1 31 
* 21
cob=(2)
cfi=(138) ./string/../sysdeps/x86_64/multiarch/mempcpy.c
cfn=(428) mempcpy
calls=1 33 
* 22
cob=(2)
cfi=(137) ./wcsmbs/../sysdeps/x86_64/multiarch/wcpcpy.c
cfn=(424) wcpncpy
calls=1 31 
* 18
cob=(2)
cfi=(136) ./string/../sysdeps/x86_64/multiarch/strspn.c
cfn=(422) strspn
calls=1 29 
* 7
cob=(2)
cfi=(134) ./string/../sysdeps/x86_64/multiarch/memchr.c
cfn=(418) memchr
calls=1 29 
* 23
cob=(2)
cfi=(133) ./string/../sysdeps/x86_64/multiarch/memmove.c
cfn=(414) memmove
calls=1 29 
* 22
cob=(2)
cfi=(132) ./string/../sysdeps/x86_64/multiarch/stpcpy.c
cfn=(410) stpcpy
calls=1 33 
* 17
cob=(2)
cfi=(131) ./debug/../sysdeps/x86_64/multiarch/memmove_chk.c
cfn=(406) __memmove_chk
calls=1 29 
* 22
cob=(2)
cfi=(129) ./wcsmbs/../sysdeps/x86_64/multiarch/wmemcmp.c
cfn=(402) wmemcmp
calls=1 29 
* 24
cob=(2)
cfi=(128) ./string/../sysdeps/x86_64/multiarch/strncpy.c
cfn=(398) strncpy
calls=1 29 
* 19
cob=(2)
cfi=(127) ./string/../sysdeps/x86_64/multiarch/strlen.c
cfn=(394) strlen
calls=1 29 
* 25
cob=(2)
cfi=(100) ./wcsmbs/../sysdeps/x86_64/multiarch/wcscat.c
cfn=(390) wcscat
calls=1 31 
* 18
cob=(2)
cfi=(126) ./string/../sysdeps/x86_64/multiarch/strcasecmp_l.c
cfn=(386) strcasecmp_l
calls=1 31 
* 21
cob=(2)
cfi=(125) ./string/../sysdeps/x86_64/multiarch/strcpy.c
cfn=(382) strcpy
calls=1 29 
* 17
cob=(2)
cfi=(123) ./wcsmbs/../sysdeps/x86_64/multiarch/wmemset.c
cfn=(378) wmemset
calls=2 31 
* 20
cob=(2)
cfi=(121) ./string/../sysdeps/x86_64/multiarch/memcmp.c
cfn=(374) bcmp
calls=1 29 
* 24
cob=(2)
cfi=(120) ./string/../sysdeps/x86_64/multiarch/strchrnul.c
cfn=(370) strchrnul
calls=1 31 
* 25
cob=(2)
cfi=(119) ./string/../sysdeps/x86_64/multiarch/strncase_l.c
cfn=(366) strncasecmp_l
calls=1 31 
* 21
cob=(2)
cfi=(117) ./string/../sysdeps/x86_64/multiarch/strcat.c
cfn=(362) strcat
calls=1 29 
* 17
cob=(2)
cfi=(116) ./wcsmbs/../sysdeps/x86_64/multiarch/wcscpy.c
cfn=(360) wcscpy
calls=1 60 
* 16
cob=(2)
cfi=(115) ./string/../sysdeps/x86_64/multiarch/strcspn.c
cfn=(358) strcspn
calls=1 29 
* 7
cob=(2)
cfi=(113) ./string/../sysdeps/x86_64/multiarch/strcasecmp.c
cfn=(354) strcasecmp
calls=1 31 
* 21
cob=(2)
cfi=(112) ./string/../sysdeps/x86_64/multiarch/strncmp.c
cfn=(352) strncmp
calls=1 67 
* 21
cob=(2)
cfi=(110) ./wcsmbs/../sysdeps/x86_64/multiarch/wmemchr.c
cfn=(348) wmemchr
calls=2 31 
* 46
cob=(2)
cfi=(108) ./string/../sysdeps/x86_64/multiarch/stpncpy.c
cfn=(344) stpncpy
calls=1 31 
* 19
cob=(2)
cfi=(107) ./wcsmbs/../sysdeps/x86_64/multiarch/wcscmp.c
cfn=(340) wcscmp
calls=1 30 
* 25
cob=(2)
cfi=(106) ./string/../sysdeps/x86_64/multiarch/strrchr.c
cfn=(336) rindex
calls=1 28 
* 25
cob=(2)
cfi=(104) ./debug/../sysdeps/x86_64/multiarch/memset_chk.c
cfn=(332) __memset_chk
calls=1 29 
* 24
cob=(2)
cfi=(103) ./string/../sysdeps/x86_64/multiarch/strchr.c
cfn=(330) index
calls=1 65 
* 19
cob=(2)
cfi=(100)
cfn=(324) wcschr
calls=2 31 
* 50
cob=(2)
cfi=(98) ./string/../sysdeps/x86_64/multiarch/memcmpeq.c
cfn=(320) memcpy@@GLIBC_2.14
calls=1 29 
* 22
cob=(2)
cfi=(96) ./wcsmbs/../sysdeps/x86_64/multiarch/wcsncpy.c
cfn=(316) wcsncpy
calls=1 31 
* 18
cob=(2)
cfi=(95) ./string/../sysdeps/x86_64/multiarch/memrchr.c
cfn=(312) memrchr
calls=1 29 
* 25
cob=(2)
cfi=(94) ./debug/../sysdeps/x86_64/multiarch/memcpy_chk.c
cfn=(308) __memcpy_chk
calls=1 29 
* 22
cob=(2)
cfi=(92) ./debug/../sysdeps/x86_64/multiarch/mempcpy_chk.c
cfn=(304) __mempcpy_chk
calls=1 29 
* 22
cob=(2)
cfi=(91) ./wcsmbs/../sysdeps/x86_64/multiarch/wcslen.c
cfn=(300) wcslen
calls=1 29 
* 19
cob=(2)
cfi=(89) ./string/../sysdeps/x86_64/multiarch/memset.c
cfn=(296) memset
calls=1 29 
* 24
cob=(2)
cfi=(87) ./wcsmbs/../sysdeps/x86_64/multiarch/wcsnlen.c
cfn=(292) wcsnlen
calls=1 30 
* 19
cob=(2)
cfi=(86) ./string/../sysdeps/x86_64/multiarch/strcmp.c
cfn=(290) strcmp
calls=1 79 
* 19
cob=(2)
cfi=(85) ./string/../sysdeps/x86_64/multiarch/strpbrk.c
cfn=(288) strpbrk
calls=1 29 
* 7
cob=(2)
cfi=(83) ./string/../sysdeps/x86_64/multiarch/strnlen.c
cfn=(284) strnlen
calls=2 31 
* 50
cob=(2)
cfi=(81) ./string/../sysdeps/x86/cacheinfo.c
cfn=(280) __x86_cacheinfo
calls=1 86 
* 28
fi=(5)
165 47
fi=(6)
479 47
fi=(5)
165 100
-14 99
fi=(6)
400 48
+2 64
+4 16
+9 16
-9 32
+9 16
fi=(5)
150 32
fi=(6)
320 33
+3 33
-36 75
fi=(5)
141 47
+1 47
-1 141
+2 47
fi=(6)
287 235
fe=(77)
175 63
+3 7
-1 7
+19 7
-18 14
356 20
+3 4
-3 4
+3 4
+4 8
+1 16
cfi=(140)
cfn=(436)
calls=4 117 
* 24
* 8
-63 6
fi=(5)
180 7
fe=(77)
+10 2
fi=(5)
73 1
fe=(77)
190 3
fi=(6)
436 7
fi=(5)
182 2
+1 2
-1 1
+3 1
-3 4
+3 2
-3 10
+1 10
-1 5
+3 5
-3 20
+3 10
+8 6
fi=(6)
+74 12
+7 12
+4 12
fe=(77)
170 24
fi=(4)
-30 18
fe=(77)
+31 12
+3 12
+8 12
-8 54
+12 12
-3 6
+1 6
+2 36
+4 24
-4 6
+4 18
cfi=(78)
cfn=(270)
calls=6 772 
* 2969
+3 6
+1 12
-4 6
+4 30
fi=(6)
+93 20
+3 2
-3 6
+3 2
-3 2
+5 4
+25 36
423 6
fi=(5)
196 18
-16 24
+31 7
fe=(77)
-33 7
-3 21

fl=(78)
fn=(270)
772 678
+3 113
-3 339
+3 113
-3 452
fi=(79) ./elf/../sysdeps/generic/dl-new-hash.h
74 113
+3 226
-8 113
+1 226
+10 113
+1 226
-1 702
+1 1404
+20 767
-2 767
+6 767
-3 1534
+2 767
-30 767
+3 1534
fe=(78)
774 113
+1 113
+3 113
-4 113
+1 113
+7 434
+5 113
-2 113
+2 113
-2 113
+6 1617
+1 1582
cfn=(274) do_lookup_x
calls=113 347 
* 41073
* 339
+28 113
-23 339
+23 113
-23 226
+24 620
+7 106
-7 106
+35 424
+34 424
-20 318
+3 212
-57 113
+76 1017
fi=(79)
87 48
+1 48
+1 96
+1 48
fe=(78)
871 2
-72 42
+18 21
+11 28

fn=(276) check_match
70 1635
+3 650
+13 107
-13 107
+13 107
-13 107
+13 321
+3 394
cfi=(32)
cfn=(94)
calls=45 +9 
* 2478
* 90
+4 107
+1 214
+2 210
+19 210
+1 840
+2 2
+43 106
+1 872
-18 4
+2 4
+1 2
-1 4
+1 6
-1 4
-68 2
+39 312
cfi=(32)
cfn=(94)
calls=104 -19 
* 2807
* 208
-44 8
+5 4

fn=(274)
347 1017
+1 113
-1 452
+6 113
-6 113
+65 113
-58 113
+11 113
+50 113
-3 226
+3 226
-50 113
+50 452
-19 1101
+8 367
-4 367
+1 367
+3 1468
+1 734
+3 367
-3 367
+4 734
+4 734
-2 367
+5 1468
+3 2569
+99 783
358 734
+3 734
+4 734
+21 734
+4 734
+71 848
fi=(4)
139 212
+1 318
fe=(78)
476 212
fi=(80) ./elf/../sysdeps/generic/dl-protected.h
29 424
fe=(78)
483 816
+16 212
+1 106
+22 106
-21 106
+21 742
-99 324
-1 216
+2 216
+2 108
+6 432
-6 108
+6 756
+7 417
-10 1225
+2 109
+1 327
-1 109
+1 218
-1 109
+1 109
+1 109
-1 109
+1 109
-1 763
cfn=(276)
calls=109 70 
* 11922
+4 327
+3 6
+31 16
+52 7
-1 7
+1 49
-35 24

fl=(54) ./io/../sysdeps/unix/sysv/linux/read_nocancel.c
fn=(174) __read_nocancel
25 2
+1 8
+1 2

fl=(8)
fn=(14)
25 4
+3 4
-3 4
+3 8
+3 12
+1 8
+2 4
-1 4
+3 12
+1 4
+1 8
+7 4
-5 4
-2 4
+3 8
+2 4
+2 8
+5 4

fl=(58) ./misc/../sysdeps/unix/sysv/linux/setvmaname.c
fn=(184) __set_vma_name
33 2
+2 7
-2 4
+7 1
-7 2
+7 1
-7 2
+7 1
-7 1
+7 1
cfi=(11)
cfn=(28)
calls=1 387 
* 24
* 3
+7 1
+2 6

fl=(44)
fn=(138)
40 18
+1 3
cfi=(22)
cfn=(62)
calls=3 +16 
* 87
* 3
fi=(276) ./string/../include/rtld-malloc.h
+15 6
cfi=(27)
cfn=(78)
calls=3 -20 
* 90
fe=(44)
-12 6
+3 9
+1 9
-1 3
cfi=(29)
cfn=(82)
calls=3 210 
* 41

fl=(66)
fn=(212)
146 6
-55 6
+70 7
+1 1
-2 4
+1 4

fl=(24)
fn=(256)
68 2
fi=(277) ./elf/../include/list.h
-24 1
fe=(24)
+24 3
fi=(277)
-25 1
fe=(24)
+26 1
+3 1
fi=(277)
-29 1
+1 1
+1 1
+2 1
fe=(24)
+28 4
+1 2
+1 1
+5 2
+5 1
+6 1
-3 1
+3 1
-6 3
+6 1
+12 4
cfi=(11)
cfn=(28)
calls=1 387 
* 24
fi=(75) ./elf/../sysdeps/unix/sysv/linux/rseq-internal.h
-73 3
+8 1
fe=(24)
+81 3
+7 2
+1 3
fi=(75)
-95 7
+3 2
fe=(24)

fn=(68)
53 3
+3 8
+5 1
-5 1
+5 1
+1 1
-6 1
+8 1

fn=(86)
42 8
+2 16

fl=(50)
fn=(160)
204 18
58 3
204 6
+3 6
+22 3
-1 3
+1 3
58 6
235 9
cfi=(51)
cfn=(162)
calls=3 31 
* 72
* 9
+2 9
cfi=(64)
cfn=(206)
calls=2 61 
* 5483
cfi=(2)
cfn=(164)
calls=1 641 
* 2662
69 3
+1 3
-1 3
+1 3
239 12
-25 3
+34 9
59 6
+11 9

fn=(158)
254 6
+2 1
-2 6
+2 1
cfn=(160)
calls=1 -52 
* 2728
+1 2
+1 1
+1 1
-1 1
+1 1
+2 6

fn=(236)
186 2
58 1
186 4
+2 1
-2 1
58 1
+1 1
+11 1
192 1
+2 1
cfi=(2)
cfn=(238)
calls=1 674 
* 3779
69 2
+1 1
198 1
-1 1
+1 3

fl=(27)
fn=(142) __minimal_free
97 1
+2 4

fn=(74)
80 8
+4 8
-4 32
+7 8
+1 24
fi=(28)
-32 8
cfi=(27)
cfn=(78)
calls=8 -20 
* 347
fe=(27)

fn=(78)
36 192
+1 72
+11 69
+3 23
-3 23
+3 46
-3 2
+3 1
-3 1
+3 90
+19 24
+1 24
+2 144
-17 8
+1 4
+2 2
+1 14
cfi=(57)
cfn=(182)
calls=2 -13 
* 52
* 2
+2 4
+2 8
cfi=(58)
cfn=(184)
calls=2 -31 
* 56
+1 6
+2 2
+4 2
-4 4
-24 1
-1 1
+1 1
+1 2
-2 2

fl=(1) ???
fn=(0) 0x000000000001f540
0 2
cfi=(2)
cfn=(2)
calls=1 517 
0 163622
0 8
cfi=(76)
cfn=(492)
calls=1 331 
0 4
0 10
cfi=(155)
cfn=(496)
calls=1 81 
0 393
0 3
cob=(5)
cfi=(161)
cfn=(522) (below main)
calls=1 0 
0 16458

fl=(30)
fn=(136) expand_dynamic_string_token
385 18
241 4
385 2
241 2
cfi=(41)
cfn=(118)
calls=2 32 
* 72
+3 4
410 2
-11 2
+11 12
-11 2
cfi=(44)
cfn=(138)
calls=2 40 
* 180

fn=(208) open_path
1812 8
+1 1
-1 3
+1 1
+6 2
+5 17
+67 2
-74 1
+7 3
+57 1
-65 1
+65 1
+10 2
-64 2
+8 6
+7 2
-11 1
+12 1
-1 4
cfi=(29)
cfn=(126)
calls=1 197 
* 13
+1 21
+3 6
+5 21
cfi=(29)
cfn=(126)
calls=3 197 
* 39
* 12
cfi=(29)
cfn=(126)
calls=3 197 
* 39
+3 6
+6 9
+3 21
cfn=(170) open_verify.constprop.0
calls=3 1572 
* 168
* 3
+2 9
+2 6
+93 9
-88 6
+1 21
+6 3
+2 6
-2 6
+2 3
cfi=(65)
cfn=(210)
calls=3 28 
* 46
* 3
+3 3
-3 6
+1 2
+9 8
+2 1
-2 2
+2 3
+44 8
+6 2
-2 1
+2 2
+3 3
1822 2
+2 2

fn=(132) fillin_rpath.isra.0
468 9
+4 1
-4 8
+6 3
cfi=(7)
cfn=(134)
calls=1 239 
* 240
* 3
cfi=(7)
cfn=(134)
calls=1 239 
* 8
* 6
+7 2
+2 3
cfn=(136)
calls=1 -98 
* 125
* 1
+4 2
+5 2
cfi=(22)
cfn=(62)
calls=1 57 
* 17
* 1
+1 2
+7 5
+9 15
+1 8
fi=(28)
50 2
cfi=(27)
cfn=(142)
calls=1 +47 
* 5
+1 1
fe=(30)
528 4
+4 4
fi=(28)
56 1
cfi=(27)
cfn=(78)
calls=1 -20 
* 30
* 1
fe=(30)
534 2
+5 1
+1 2
-1 1
-1 1
+2 1
cfi=(29)
cfn=(126)
calls=1 197 
* 13
+3 1
-3 1
+1 1
+2 1
+6 1
+1 1
-1 3
+1 5
+1 1
-1 1
+1 1
-1 3
+1 1
-1 2
+1 1
+2 2
+1 3
+1 1
+6 2
+1 1
+3 3
-60 2
-22 2
+88 1
+3 8
-24 2

fn=(176) _dl_map_object_from_fd
944 20
+15 2
-15 4
+15 2
-15 4
+15 4
+77 8
+10 4
+7 14
cfi=(26)
cfn=(72)
calls=2 59 
* 861
* 2
+1 4
+11 2
+5 2
-4 2
-1 2
+2 2
+2 2
-2 2
+2 4
+1 6
+1 2
+19 2
-2 1
+2 12
-2 1
+2 28
+10 2
-10 2
+10 6
+27 2
-33 2
-3 2
+2 2
-1 2
+35 2
+9 2
-50 2
+41 2
+9 2
-36 2
+63 10
-62 86
+26 56
+8 16
+1 8
-1 8
+1 32
+1 8
-1 8
+1 8
+2 8
-2 8
+2 8
+2 8
-4 8
+1 8
+3 8
-4 8
+4 40
+2 16
+13 16
+1 30
+5 6
+1 54
-28 12
-35 18
+62 2
+1 18
-28 4
-35 51
+1 127
1213 2
1100 2
1213 4
1100 6
1218 14
+10 6
+1 2
-1 2
+1 2
-1 6
+1 6
-1 6
+1 6
-1 18
1066 4
1235 4
+10 8
+7 8
fi=(59) ./elf/./dl-map-segments.h
28 2
fe=(30)
1252 6
fi=(59)
28 4
+1 16
cfi=(57)
cfn=(182)
calls=2 +18 
* 56
+73 4
-1 2
-72 2
+73 2
+3 4
+1 2
+2 2
-3 2
+1 2
+2 2
+17 2
-44 2
fi=(60) ./elf/./dl-load.h
+10 16
fi=(59)
+58 32
+6 2
+2 2
-2 2
+1 2
+2 4
-1 4
+3 4
+5 4
+3 6
+8 12
cfi=(43)
cfn=(130)
calls=2 -44 
* 287
* 2
+6 4
+12 8
-59 48
+2 24
+2 48
cfi=(57)
cfn=(182)
calls=6 -92 
* 126
* 12
fe=(30)
1264 2
fi=(56) ./elf/../sysdeps/posix/dl-fileid.h
37 4
cfi=(55)
cfn=(178)
calls=2 -7 
* 12
* 4
fe=(30)
989 4
fi=(56)
40 6
fe=(30)
989 2
fi=(56)
40 2
fe=(30)
989 23
+1 10
fi=(56)
49 12
fe=(30)
1519 18
1074 13
+1 2
-1 1
+1 1
-1 1
+1 1
cfi=(70)
cfn=(224)
calls=1 25 
* 7
* 2
+46 2
+1 1
-15 4
+7 2
+2 2
-2 2
+1 2
+1 2
-1 4
+1 16
+60 3
+5 1
-1 2
+5 1
-5 2
-66 1
+71 4
+1 1
+3 1
-3 1
+8 4
+15 4
+1 2
1008 4
1268 8
+1 6
fi=(61) ./elf/./elf/get-dynamic-info.h
39 4
+6 2
-2 2
+11 2
+1 2
-10 4
+8 3
+15 3
-23 12
+23 44
-23 176
+4 94
+3 13
-1 26
+3 40
+1 32
+1 10
+16 8
+12 7
+1 8
+1 8
+1 8
+1 7
+1 7
+1 7
+1 8
+12 2
+7 2
-7 14
+7 5
+5 2
+7 2
+1 6
+6 6
+1 3
+17 6
+5 2
+2 2
+2 2
+2 2
+4 6
+2 6
+1 4
+9 4
+6 4
+4 4
fe=(30)
1275 4
+1 4
+2 4
+10 6
+19 6
+2 12
+52 6
+1 2
+6 18
+1 42
+6 8
cfn=(88)
calls=2 868 
* 154
-7 52
+1 25
+6 25
-6 50
fi=(31)
149 8
fe=(30)
1380 4
cfi=(62)
cfn=(194)
calls=2 25 
* 12
* 4
+13 4
+2 8
+2 4
+16 4
cfi=(8)
cfn=(14)
calls=2 25 
* 54
+4 4
+1 4
+17 4
+1 1
+3 1
+5 1
-5 1
+5 1
-5 1
+5 1
-5 1
+5 1
+5 4
+12 16
+10 4
+1 4
+5 2
cfi=(46)
cfn=(226)
calls=1 125 
* 12
+7 6
cfi=(26)
cfn=(84)
calls=2 31 
* 106
+3 4
+4 4
cfi=(45)
cfn=(196)
calls=2 38 
* 14
* 2
+1 6
+22 14
+1 6
cfi=(48)
cfn=(198)
calls=2 77 
* 10
* 2
fi=(60)
92 4
+2 1
-1 1
+1 1
-1 1
+1 1
-1 1
+1 1
-1 2
+3 4
fi=(61)
-37 8
+3 8
+2 8
181 3
-22 2
fe=(30)
1510 4
1074 2
fi=(59)
186 8
cfi=(57)
cfn=(182)
calls=1 47 
* 21
+3 2
fe=(30)
1462 6
+2 1
-1 5
+1 1
-1 1
+1 1
-1 1
cfi=(32)
cfn=(94)
calls=1 98 
* 25
* 2
+2 5

fn=(88)
868 3
+8 3
-8 6
+8 3
-6 3
+12 6
-13 3
+13 3
-13 3
+13 6
+3 9
+1 6
+1 6
+3 9
+1 9
+4 3
+1 6
+22 3
+2 3
-2 6
+2 9
-20 10
+1 5
+3 10
+3 5
+1 20
fi=(31)
95 20
+7 10
+16 5
-3 10
254 6
+1 3
+2 12
+3 3
-8 4
+5 2
-4 2
+4 6
+3 2
-2 1
fe=(30)

fn=(106)
706 11
+14 1
-14 2
+14 2
cfi=(37)
cfn=(108)
calls=1 172 
* 1244
fi=(28)
56 1
fe=(30)
720 1
fi=(28)
56 1
cfi=(27)
cfn=(78)
calls=1 -20 
* 30
fe=(30)
725 1
+2 3
+8 2
-1 3
+5 3
fi=(28)
56 1
cfi=(27)
cfn=(78)
calls=1 -20 
* 30
fe=(30)
739 1
+2 4
+7 1
+8 1
+2 1
+12 2
-23 1
+9 1
+11 1
-4 1
-5 1
+3 2
+7 2
+2 2
-11 1
+11 3
-8 1
+4 1
+1 3
+1 16
cfi=(43)
cfn=(130)
calls=4 132 
* 56
+2 15
-14 3
+10 3
+4 9
-12 3
-2 3
+2 3
+4 3
-3 3
+3 3
+1 3
-2 3
+5 9
+1 6
+3 1
+15 1
-8 1
+5 1
-6 1
+9 2
+2 4
+2 3
+36 5
+2 2
cfi=(22)
cfn=(62)
calls=1 57 
* 17
* 9
-19 1
-2 1
+2 2
+19 9
cfi=(29)
cfn=(82)
calls=1 210 
* 11
* 1
+5 4
-1 2
+2 1
+1 2
-2 4
+1 13
+1 26
-2 52
+5 1
fi=(28)
56 1
cfi=(27)
cfn=(78)
calls=1 -20 
* 30
fe=(30)
836 1
fi=(28)
56 1
fe=(30)
838 2
+6 6
cfn=(132)
calls=1 468 
* 581
+3 3
+6 1
+4 8
-35 2
+5 2

fn=(166)
1967 36
+8 6
+1 12
+3 51
+5 49
+2 21
cfi=(52)
cfn=(168)
calls=7 68 
* 779
* 14
+4 12
+1 18
+4 2
-1 10
+1 2
+1 2
-1 2
+1 4
cfi=(32)
cfn=(94)
calls=2 98 
* 50
* 4
2270 29
2011 6
-1 4
+9 2
-50 2
+50 4
+17 4
-2 2
+2 2
cfi=(41)
cfn=(118)
calls=2 32 
* 48
* 4
2202 2
-1 3
cfn=(136)
calls=1 385 
* 175
+6 1
-7 1
+1 1
+2 2
+4 7
cfn=(170)
calls=1 1572 
* 106
+3 2
-3 1
+3 1
+12 4
+45 1
+1 5
-1 1
+1 8
cfn=(176)
calls=1 944 
* 1940
-1 1
+1 5
-1 1
+1 8
cfn=(176)
calls=1 944 
* 2374
* 6
2040 2
cfi=(22)
cfn=(62)
calls=1 57 
* 17
* 2
+2 2
+7 4
+51 13
cfn=(208)
calls=1 1812 
* 580
+6 1
-6 1
+6 2
2222 4
+46 2
682 1
2107 1
682 2
2135 2
cfi=(67)
cfn=(214)
calls=1 403 
* 1407
* 1
+2 2
+4 2
+31 1
-23 2
+23 7
cfn=(170)
calls=1 1572 
* 137
+4 2
-4 1
+4 1
+1 1
+17 2
2074 5
682 1
2075 1
682 3
2099 2
+1 2
-47 1
+1 1
696 5
2058 3
682 1
2059 1
682 2
2073 5
+1 2
+41 1
+14 2
+2 3
-47 2

fn=(170)
1572 50
+32 5
-32 10
+32 10
+19 20
cfi=(53)
cfn=(172)
calls=5 28 
* 109
* 5
+2 10
+8 2
+1 4
+5 2
-5 2
+5 10
cfi=(54)
cfn=(174)
calls=2 25 
* 12
+2 4
+2 4
+2 4

ob=(3)
fl=(153)
fn=(540) 0x00000000048727b0
0 2
cob=(1)
cfi=(48)
cfn=(542)
calls=1 118 
0 5

fn=(694) 0x0000000000109180
0 2
cob=(2)
cfi=(194) ./libio/./libio/iofclose.c
cfn=(696) fclose@@GLIBC_2.2.5
calls=1 34 
0 613

fn=(710) 0x00000000048723e0
0 12
cob=(2)
cfi=(170)
cfn=(622) free
calls=6 3359 
0 296

fn=(812) 0x0000000000109210
0 4
cob=(2)
cfi=(226) ./nptl/./nptl/pthread_join.c
cfn=(814) pthread_join@@GLIBC_2.34
calls=2 23 
0 389

fn=(850) 0x0000000000109250
0 40
cob=(2)
cfi=(239) ./misc/../sysdeps/posix/usleep.c
cfn=(852) usleep
calls=20 24 
0 2400

fn=(966)
0 2
cob=(2)
cfi=(267)
cfn=(942)
calls=1 30 
0 78

fn=(476) 0x0000000004872720
0 42
cob=(1)
cfi=(11)
cfn=(28)
calls=21 387 
0 493

fn=(514) 0x0000000004872660
0 2
cob=(2)
cfi=(159) ./string/../sysdeps/x86_64/multiarch/strrchr-avx2.S
cfn=(516) __strrchr_avx2
calls=1 53 
0 22

fn=(766) 0x00000000001091e0
0 4
cob=(2)
cfi=(208) ./nptl/./nptl/pthread_create.c
cfn=(768) pthread_create@@GLIBC_2.34
calls=2 626 
0 2189

fn=(582) 0x0000000000109160
0 2
cob=(2)
cfi=(177) ./libio/./libio/ioputs.c
cfn=(584) puts
calls=1 33 
0 1828

fn=(620) 0x0000000000109150
0 8
cob=(2)
cfi=(170)
cfn=(622)
calls=4 3359 
0 340

fn=(630) 0x00000000001091f0
0 2
cob=(2)
cfi=(185) ./libio/./libio/iofopen.c
cfn=(632) fopen@@GLIBC_2.2.5
calls=1 85 
0 605

fn=(658) 0x00000000001091b0
0 2
cob=(2)
cfi=(170)
cfn=(660)
calls=1 3699 
0 249

fn=(742) 0x00000000048726b0
0 32
cob=(2)
cfi=(193)
cfn=(690) __memcpy_avx_unaligned_erms
calls=16 255 
0 207

ob=(1)
fl=(30)
fn=(170)
1651 4
+17 26
+81 4
+5 4
+6 8
+6 4
+6 2
+1 2
-1 6
+1 6
+26 45
-22 13
+1 2
-1 1
+1 1
cfi=(70)
cfn=(224)
calls=1 25 
* 7
* 2
1668 3
-59 6
1777 2

fn=(204)
238 4
+3 2
-3 10
+7 2
-7 4
+3 2
cfi=(41)
cfn=(118)
calls=2 32 
* 72
+3 4
+20 18

fl=(43)
fn=(130)
132 9
+1 45
+5 9
+1 9
+3 4
+1 4
244 4
+1 4
+12 4
+3 4
+1 4
+12 4
+1 4
+13 4
+1 4
+2 4
+3 1
+3 2
+3 1
+1 1
+1 1
+1 1
+1 1
+1 1
+1 1
-6 34
+1 34
+1 34
+1 34
+1 34
+1 34
+1 34
+3 4
+1 4
+1 4
+1 4
+5 4
+34 5
+2 5
+1 5
+39 5
+1 5
+2 5

ob=(3)
fl=(153)
fn=(758) 0x0000000000109240
0 20
cob=(2)
cfi=(205) ./stdlib/./stdlib/rand.c
cfn=(760) rand
calls=10 26 
0 570

fn=(956)
0 4

ob=(5)
fl=(168) /home/mikeyku/softsys/debugneck_handbook/Debuglltleneck/src/main.c
fn=(552) main
7 9
+1 2
cfi=(169) /home/mikeyku/softsys/debugneck_handbook/Debuglltleneck/src/utils.c
cfn=(554) print_banner
calls=1 +12 
* 3764
+1 3
cfi=(169)
cfn=(628) read_file
calls=1 -3 
* 2243
* 1
+1 6
cob=(3)
cfi=(153)
cfn=(724)
calls=1 -10 
* 778
+1 2
cfi=(202) /home/mikeyku/softsys/debugneck_handbook/Debuglltleneck/src/sensor.c
cfn=(750) init_sensor
calls=1 -4 
* 1273
* 1
+2 7
cob=(3)
cfi=(153)
cfn=(766)
calls=1 -13 
* 1158
+1 7
cob=(3)
cfi=(153)
cfn=(766)
calls=1 -14 
* 1035
+1 4
cob=(3)
cfi=(153)
cfn=(812)
calls=1 -15 
* 245
+1 4
cob=(3)
cfi=(153)
cfn=(812)
calls=1 -16 
* 148
+1 3
cfi=(202)
cfn=(890) compute_average
calls=1 +18 
* 150
* 2
+1 6
cob=(3)
cfi=(153)
cfn=(724)
calls=1 -18 
* 2579
+1 3
cfi=(202)
cfn=(924) free_sensor
calls=1 -1 
* 189
+1 6
cob=(3)
cfi=(153)
cfn=(724)
calls=1 -20 
* 893
+1 3
cob=(3)
cfi=(153)
cfn=(620)
calls=1 -21 
* 87
+1 1
+1 5

fl=(161)
fn=(534) 0x0000000000001340
0 12

fn=(934)
0 9
cob=(3)
cfi=(153)
cfn=(940)
calls=1 0 
0 80
0 1
cfn=(950) 0x0000000000001290
calls=1 0 
0 5
0 3

fn=(950)
0 5

fn=(522)
0 12
cob=(2)
cfi=(162) ./csu/../csu/libc-start.c
cfn=(524) __libc_start_main@@GLIBC_2.34
calls=1 242 
0 16446

fl=(202)
fn=(844) sensor_thread
23 10
+1 4
+2 4
+1 80
cob=(3)
cfi=(153)
cfn=(846)
calls=20 -27 
* 760
+1 300
+1 80
cob=(3)
cfi=(153)
cfn=(848)
calls=20 -29 
* 560
+1 40
cob=(3)
cfi=(153)
cfn=(850)
calls=20 -30 
* 2440
-4 108
+6 2
+1 4

fn=(890)
35 4
+1 1
+1 2
+1 80
-1 54
+3 7
+1 2

fn=(750)
7 5
+1 2
cob=(3)
cfi=(153)
cfn=(556)
calls=1 -8 
* 192
* 1
+1 5
cob=(3)
cfi=(153)
cfn=(556)
calls=1 -9 
* 192
* 3
+1 3
+1 5
cob=(3)
cfi=(153)
cfn=(752)
calls=1 -11 
* 47
+1 2
+1 10
cob=(3)
cfi=(153)
cfn=(758)
calls=10 -13 
* 590
* 170
-1 43
+3 1
+1 2

fn=(924)
18 5
+1 4
cob=(3)
cfi=(153)
cfn=(620)
calls=1 -19 
* 87
+1 3
cob=(3)
cfi=(153)
cfn=(620)
calls=1 -20 
* 87
+1 3

fl=(169)
fn=(628)
6 5
+1 5
cob=(3)
cfi=(153)
cfn=(630)
calls=1 -7 
* 607
* 1
+1 2
+1 3
cob=(3)
cfi=(153)
cfn=(658)
calls=1 -9 
* 251
* 1
+1 7
cob=(3)
cfi=(153)
cfn=(666)
calls=1 -10 
* 737
+1 3
+1 3
cob=(3)
cfi=(153)
cfn=(694)
calls=1 -12 
* 615
+1 1
+1 2

fn=(554)
20 4
+1 2
cob=(3)
cfi=(153)
cfn=(556)
calls=1 -21 
* 1825
* 1
+1 6
+1 3
cob=(3)
cfi=(153)
cfn=(582)
calls=1 -23 
* 1830
+1 3
cob=(3)
cfi=(153)
cfn=(620)
calls=1 -24 
* 87
+1 3

ob=(2)
fl=(163) ./stdlib/./stdlib/cxa_atexit.c
fn=(526) __cxa_atexit
67 7
-26 2
+2 8
+1 2
cfn=(528) __new_exitfn
calls=1 +36 
* 33
+2 2
+8 1
-2 1
+3 1
+1 1
-4 2
+1 1
+4 4
+1 1
+11 6

fn=(528)
80 1
+6 2
-6 4
+11 2
-10 1
+10 4
+2 4
-2 1
+10 1
-10 3
+45 1
+5 3
-4 1
+4 2
-18 1
-1 1
+12 1

fl=(165) ./setjmp/../sysdeps/x86_64/bsd-_setjmp.S
fn=(546) _setjmp
28 3
+2 3
+2 3
cfi=(166) ./setjmp/../sysdeps/x86_64/setjmp.S
cfn=(548) __sigsetjmp
calls=3 -1 
* 105

fl=(189)
fn=(738)
53 10
+2 10
+1 10
+1 10
+1 10
+1 10
+3 10
+1 10
+4 10
+1 10
+1 10
+1 10
+1 10
+1 10
+1 10
+1 10
+13 10
+2 20

fn=(656)
53 1
+2 1
+1 1
+1 1
+1 1
+1 1
+3 1
+1 1
+4 1
+1 1
+1 1
+1 1
+1 1
+1 1
+1 1
+1 1
+3 1
+8 1
+8 1
+1 2

fl=(197) ./stdio-common/./stdio-common/vfprintf-internal.c
fn=(734) __printf_buffer
600 60
fi=(278) ./stdio-common/./stdio-common/printf-parse.h
82 5
fe=(197)
600 10
fi=(278)
82 5
fe=(197)
600 5
+27 15
+11 5
-11 5
+11 5
-11 5
+11 10
fi=(278)
82 5
cob=(3)
cfi=(153)
cfn=(736)
calls=5 -82 
* 105
fe=(197)
653 10
+1 5
fi=(278)
82 10
fe=(197)
654 5
-1 5
cfi=(199) ./stdio-common/./stdio-common/Xprintf_buffer_write.c
cfn=(740) __printf_buffer_write
calls=5 27 
* 259
+2 15
+4 10
+4 40
-32 5
973 5
642 5
973 10
634 5
+71 20
1044 55
705 10
-13 5
+7 5
+6 10
-14 5
-4 5
+18 5
-10 5
+10 5
-7 5
-4 5
+11 10
-19 5
-1 5
+20 5
-12 5
-9 5
-1 5
+22 5
-15 10
891 2
+82 2
+3 34
+20 11
+1 1
263 1
+1 1
997 1
744 1
264 2
744 1
263 2
1024 5
fi=(278)
82 5
fe=(197)
1018 5
fi=(278)
82 10
cob=(3)
cfi=(153)
cfn=(736)
calls=5 -82 
* 105
fe=(197)
1028 10
+1 5
fi=(278)
82 5
fe=(197)
1029 5
-1 5
cfi=(199)
cfn=(740)
calls=5 27 
* 206
+3 10
fi=(200) ./stdio-common/./stdio-common/vfprintf-process-arg.c
501 8
cfi=(199)
cfn=(740)
calls=2 27 
* 104
+1 2
-11 2
-88 16
+19 4
-14 4
+47 6
-33 8
+8 4
fe=(197)
784 2
fi=(200)
126 4
+75 2
92 2
+1 2
+1 2
201 4
-65 4
+19 26
cfi=(235) ./stdio-common/./stdio-common/_itoa.c
cfn=(836) _itoa_word
calls=2 +14 
* 162
+11 4
-11 4
+11 8
-5 16
+25 10
+15 4
-4 6
+2 6
+2 4
+7 2
-2 4
+2 6
+3 4
+13 4
fi=(236) ./stdio-common/../include/printf_buffer.h
-61 4
fi=(200)
+70 4
+3 4
128 4
+8 2
+2 4
fe=(197)
883 2
fi=(200)
66 2
+1 2
+94 2
+9 4
+17 2
+8 2
-8 2
+12 2
-12 2
+8 8
-8 12
+53 8
cfi=(199)
cfn=(740)
calls=2 27 
* 110
* 2
130 4
+1 16
fe=(197)
266 1
cfi=(251) ./stdio-common/./stdio-common/printf_fp.c
cfn=(892) __printf_fp_l_buffer
calls=1 1099 
* 1727
1001 1
fi=(236)
163 4
fi=(200)
435 4
cob=(3)
cfi=(153)
cfn=(586)
calls=2 0 
* 48
* 4
fe=(197)

fn=(728) __vfprintf_internal
1522 39
+3 15
+4 15
+11 6
+11 8
+5 8
cfi=(198) ./stdio-common/./stdio-common/printf_buffer_to_file.c
cfn=(730) __printf_buffer_to_file_init
calls=2 108 
* 48
+3 10
cfn=(734)
calls=2 600 
* 2405
+1 4
cfi=(198)
cfn=(746) __printf_buffer_to_file_done
calls=2 117 
* 711
+3 4
+1 4
+3 33
-42 6
+38 8
-12 8
cfi=(186) ./nptl/./nptl/libc-cleanup.c
cfn=(642) __libc_cleanup_push_defer
calls=2 24 
* 26
+1 14
-30 4
+30 18
+12 6
cfi=(186)
cfn=(644) __libc_cleanup_pop_restore
calls=2 54 
* 18
* 2
+2 2
-3 12
-20 4
cfi=(198)
cfn=(730)
calls=1 108 
* 24
+1 5
cfn=(734)
calls=1 600 
* 363
+1 2
cfi=(198)
cfn=(746)
calls=1 117 
* 307
* 1

fl=(255) ./stdlib/./stdlib/cmp.c
fn=(902) __mpn_cmp
31 2
+4 4
+2 2
+1 2
+1 4
+8 10

fl=(81)
fn=(280)
86 1
fi=(82) ./string/../sysdeps/x86/cacheinfo.h
-27 1
+3 3
+2 1
+1 1
-1 2
+7 3
+2 1
+1 1
-1 2
+5 2
+2 2
+1 2
+1 2
+2 2
+2 2
fe=(81)

fl=(222) ./misc/../sysdeps/unix/sysv/linux/x86_64/clone3.S
fn=(804) clone3
42 1
+2 1
+1 1
+1 1
+1 1
+1 1
+4 1
+3 1
+5 1
+2 1
+1 1
+23 5

fl=(218)
fn=(792)
367 23
51 69
+1 46
367 69
57 46
+8 23
-3 23
-23 23
+1 92
+30 23
+2 23
369 46
43 92
+31 6
+6 12
+4 9
+3 6

fl=(132)
fn=(410)
33 1
fi=(118) ./string/../sysdeps/x86_64/multiarch/ifunc-strcpy.h
+5 2
+1 1
-1 2
+1 2
+3 2
+4 3
+3 3
fe=(132)
-16 1

fl=(123)
fn=(378)
31 2
fi=(124) ./wcsmbs/../sysdeps/x86_64/multiarch/ifunc-wmemset.h
+5 10
+1 6
fe=(123)
-6 2

fl=(184) ./io/../sysdeps/unix/sysv/linux/write.c
fn=(616) write
25 4
+1 16
+1 2
-2 12
+1 2
cfi=(231) ./nptl/./nptl/cancellation.c
cfn=(824) __pthread_enable_asynccancel
calls=2 +5 
* 36
* 22
cfi=(231)
cfn=(858) __pthread_disable_asynccancel
calls=2 +37 
* 30
* 2
+1 4

fl=(85)
fn=(288)
29 1
fi=(279) ./string/../sysdeps/x86_64/multiarch/ifunc-sse4_2.h
+7 5
fe=(85)
-7 1

fl=(120)
fn=(370)
31 1
fi=(84) ./string/../sysdeps/x86_64/multiarch/ifunc-avx2.h
+9 3
-2 4
fe=(120)
-7 2
fi=(84)
+10 2
+1 3
+3 2
+4 3
+3 5
fe=(120)

fl=(152) ./nptl/./nptl/pthread_mutex_conf.c
fn=(474) __pthread_tunables_init
55 2
+1 2
-1 2
+1 2
-1 4
+1 1
cob=(3)
cfi=(153)
cfn=(476)
calls=1 -56 
* 26
+2 4
cob=(3)
cfi=(153)
cfn=(476)
calls=1 -58 
* 25
+2 4
cob=(3)
cfi=(153)
cfn=(476)
calls=1 -60 
* 26
+2 6

fl=(212) ./nptl/./nptl/allocatestack.c
fn=(830) name_stack_maps
587 24
+2 4
+4 4
-4 16
+4 4
+2 8
+5 2
+1 2
-2 2
+2 4
-1 2
+3 6
cfi=(233) ./stdio-common/./stdio-common/snprintf.c
cfn=(832) snprintf
calls=2 26 
* 1100
* 8
cfi=(237) ./misc/../sysdeps/unix/sysv/linux/setvmaname.c
cfn=(840) __set_vma_name
calls=2 33 
* 80
+2 18
-2 6
-7 6
+9 2
-9 6
+9 8
-9 2
cfi=(237)
cfn=(840)
calls=2 33 
* 42

fl=(206) ./stdlib/./stdlib/random.c
fn=(762) random
288 20
+3 10
-3 50
+3 20
+2 30
cfi=(207) ./stdlib/./stdlib/random_r.c
cfn=(764) random_r
calls=10 +61 
* 280
+2 40
+2 10
+1 50

fl=(215) ./misc/../sysdeps/unix/sysv/linux/mmap64.c
fn=(782) mmap
47 2
+3 4
-3 12
+6 4
+5 12
+2 8
-7 10

fl=(103)
fn=(330)
65 1
-22 2
+1 1
-2 4
+2 2
+3 2
+4 3
+3 3
+11 1

fl=(133)
fn=(414)
29 1
fi=(99) ./string/../sysdeps/x86_64/multiarch/ifunc-memmove.h
+28 3
-1 2
+4 3
+14 2
+3 2
+8 2
+8 2
+3 5
fe=(133)

fl=(149) ./ctype/./ctype/ctype-info.c
fn=(468) __ctype_init
29 3
+2 21
+2 12
+2 12
+1 3

fl=(181) ./libio/./libio/filedoalloc.c
fn=(596) _IO_file_doallocate
78 22
+6 8
fi=(183) ./libio/./libio/libioP.h
1025 6
+1 4
fe=(181)
84 6
cfi=(179) ./libio/./libio/fileops.c
cfn=(598) _IO_file_stat
calls=2 1147 
* 18
* 4
+2 8
+11 8
+4 4
cob=(3)
cfi=(153)
cfn=(602)
calls=2 0 
* 353
* 2
+1 4
+2 8
cfi=(180) ./libio/./libio/genops.c
cfn=(604) _IO_setb
calls=2 329 
* 58
+1 2
+1 18
-15 1
fi=(280) ./libio/../include/sys/sysmacros.h
-44 6
fe=(181)
+44 1
-2 2
+5 2

fl=(89)
fn=(296)
29 1
fi=(90) ./string/../sysdeps/x86_64/multiarch/ifunc-memset.h
+25 5
+3 3
+7 2
+9 2
+2 2
+10 2
+8 2
+3 5
fe=(89)

fl=(104)
fn=(332)
29 1
fi=(105) ./debug/../sysdeps/x86_64/multiarch/ifunc-memset.h
+25 5
+3 3
+7 2
+9 2
+2 2
+10 2
+8 2
+3 5
fe=(104)

fl=(112)
fn=(352)
67 1
-23 2
-1 4
+24 2
-22 3
+3 2
+4 3
+3 4

fl=(159)
fn=(516)
53 1
+1 1
+1 1
+2 1
+1 1
+4 1
+1 1
+1 1
+3 1
+2 1
+1 1
+1 1
+1 1
+3 1
+1 1
+2 1
+1 1
+1 1
+1 1
+1 1
+9 2

fl=(267)
fn=(942)
30 4
+3 4
-3 16
+3 10
+3 8
+4 14
-4 6
+57 8
+4 12
-4 6
+12 4
cfi=(268) ./posix/./posix/register-atfork.c
cfn=(944) __unregister_atfork
calls=2 -23 
* 40
+1 8
+1 16

fl=(173) ./malloc/./malloc/morecore.c
fn=(572) __glibc_morecore
25 2
+1 4
-1 4
+4 2
cfi=(174) ./misc/./misc/sbrk.c
cfn=(574) sbrk
calls=2 +8 
* 77
+1 4
+4 4

fl=(244) ./malloc/./malloc/thread-freeres.c
fn=(864) __libc_thread_freeres
31 6
+2 2
cfi=(245) ./sunrpc/./sunrpc/rpc_thread.c
cfn=(866) __rpc_thread_destroy
calls=2 -12 
* 26
+2 2
cfi=(246) ./resolv/./resolv/res-close.c
cfn=(868) __res_thread_freeres
calls=2 +96 
* 82
+1 2
cfi=(248) ./string/../sysdeps/unix/sysv/linux/tls-internal.c
cfn=(872) __glibc_tls_internal_free
calls=2 -12 
* 48
+1 2
cfi=(249) ./dlfcn/./dlfcn/libc_dlerror_result.c
cfn=(874) __libc_dlerror_result_free
calls=2 -8 
* 24
+5 2
-1 2
cfi=(171) ./malloc/./malloc/arena.c
cfn=(876) __malloc_arena_thread_freeres
calls=2 893 
* 56

fl=(175) ./misc/../sysdeps/unix/sysv/linux/brk.c
fn=(576) brk
36 2
fi=(281) ./misc/../sysdeps/unix/sysv/linux/brk_call.h
-12 4
fe=(175)
+13 4
+1 4
+6 2
+1 2

fl=(261) ./stdlib/../sysdeps/x86_64/mul_1.S
fn=(916) __mpn_mul_1
31 1
+1 1
+3 1
+1 1
+1 1
+1 1
+1 1
+2 1
+1 1
+2 1
+1 1
+1 1
+1 1
+1 1
+2 1
+1 1
+1 1
+1 1
+69 1
+2 1
+3 1

fl=(83)
fn=(284)
31 2
fi=(84)
+9 6
-2 8
fe=(83)
-7 4
fi=(84)
+10 4
+1 6
+3 4
+4 6
+3 10
fe=(83)

fl=(270) ./posix/../sysdeps/unix/sysv/linux/_exit.c
fn=(990) _Exit
27 2
+3 2

fl=(106)
fn=(336)
28 1
fi=(84)
+12 3
-2 4
fe=(106)
-10 2
fi=(84)
+13 2
+1 3
+3 2
+4 3
+3 5
fe=(106)

fl=(167) ./setjmp/./setjmp/sigjmp.c
fn=(550) __sigjmp_save
28 18
+2 6
-1 3
+5 12

fl=(240) ./posix/../sysdeps/unix/sysv/linux/nanosleep.c
fn=(854) nanosleep
24 80
+1 40
-1 20
+1 20
cfi=(241) ./time/../sysdeps/unix/sysv/linux/clock_nanosleep.c
cfn=(856) clock_nanosleep@@GLIBC_2.17
calls=20 +38 
* 1680
+1 40
+6 40

fl=(154) ./nptl/../sysdeps/unix/sysv/linux/x86/elision-conf.c
fn=(478) __lll_elision_init
92 2
+4 1
-4 2
+4 2
-4 1
+4 1
-4 3
+4 1
cob=(3)
cfi=(153)
cfn=(476)
calls=1 -96 
* 26
+2 4
cob=(3)
cfi=(153)
cfn=(476)
calls=1 -98 
* 26
+2 4
cob=(3)
cfi=(153)
cfn=(476)
calls=1 0 
* 26
+2 4
cob=(3)
cfi=(153)
cfn=(476)
calls=1 0 
* 26
+2 4
cob=(3)
cfi=(153)
cfn=(476)
calls=1 0 
* 26
+3 3
+1 1
+1 6

fl=(125)
fn=(382)
29 1
fi=(118)
+9 2
+1 1
-1 2
+1 2
+3 2
+4 3
+3 3
fe=(125)
-20 1

fl=(170)
fn=(626) _int_free
4495 42
+4 18
+6 24
+1 12
+4 30
+8 24
-1 12
+1 12
+29 5
-20 5
-6 5
+6 10
+20 20
1792 1
4561 2
+97 30
-21 2
+3 2
+18 1
-12 1
+12 4
-12 1
cfn=(712) _int_free_merge_chunk
calls=1 +19 
* 121
3163 5
+4 5
-4 5
+2 20
+1 5
+1 5
4550 5

fn=(716) systrim.constprop.0
2957 6
+9 3
+2 1
+1 2
+5 1
+1 1
-1 2
+4 5
+2 2
-10 1
+50 6

fn=(578) alloc_perturb
1985 30
+2 10

fn=(558)
3294 48
+7 12
1326 10
+19 30
3311 12
+2 24
+3 10
+10 12
+28 36
3248 4
cfn=(568) tcache_init.part.0
calls=1 -6 
* 473
+68 2
+1 4
+1 15
+10 24
cfn=(570) _int_malloc
calls=6 3846 
* 827
+1 30
fi=(171)
153 12
264 1
cfn=(562) ptmalloc_init.part.0
calls=1 -2 
* 1151
fe=(170)
1326 2

fn=(714) _int_free_maybe_consolidate
4770 11
+6 2
+2 4
+3 3
+3 5
+1 4
+13 7
-13 1
cfn=(716)
calls=1 2957 
* 30

fn=(570)
3846 110
1326 20
+19 60
3887 20
1794 10
3914 20
+65 6
-63 12
+3 3
+2 6
+56 14
+62 15
+1 6
+20 10
-1 10
-1 10
+1 20
+1 20
-2 18
+12 50
-90 8
+2 8
-2 8
+2 16
-52 9
4487 120
4257 30
+2 6
+3 2
-3 2
+3 4
+1 10
+71 30
-4 10
+1 10
+1 10
-1 10
+1 10
+1 20
+1 30
+5 40
+4 30
+3 36
-3 27
+3 32
-3 24
+3 28
-3 14
4443 10
+1 20
+2 20
+3 30
+17 4
4070 5
-91 30
2552 1
+12 1
-12 5
+12 1
4460 30
cfn=(578)
calls=10 1985 
* 40
+1 10
-9 18
+2 18
-1 9
+1 9
-3 9
+3 9
+2 9
-2 36
+2 9
+3 18
2553 1
+36 3
+1 1
-1 1
+1 1
+9 4
+9 3
2921 3
+1 1
+4 1
+4 5
+5 1
-2 1
+5 1
-3 2
-3 1
+2 1
+1 1
+1 1
-1 3
+1 1
4482 1
2669 3
+8 2
+1 3
+13 1
+2 1
-2 2
+8 5
+8 2
+48 4
+40 3
+19 2
+3 2
+1 6
+2 1
+1 5
cfi=(173)
cfn=(572)
calls=1 25 
* 33
+12 4
-12 1
+12 1
2008 4
3882 1
2873 1
+3 1
-1 1
+1 4
+12 1
-11 1
+11 2
2783 1
-1 2
2017 2
2745 1
+1 1
+6 3
-6 1
+6 3
-43 3
cfi=(173)
cfn=(572)
calls=1 25 
* 64
+1 2
-1 1
+1 1
2008 1
2711 1
2008 3
2712 1
+3 2
+29 3

fn=(568)
3242 4
+9 8
+1 3
cfn=(570)
calls=1 3846 
* 359
+1 2
+8 4
+9 1
fi=(176) ./malloc/../string/bits/string_fortified.h
59 2
fe=(170)
3270 1
fi=(176)
59 86
fe=(170)
3274 3

fn=(622)
3359 10
+4 20
-4 18
+14 6
-14 18
+12 6
+4 6
-4 6
+4 12
+17 18
fi=(171)
153 18
fe=(170)
3398 18
cfn=(626)
calls=6 4495 
* 434
+3 6
+1 40

fn=(660)
3699 6
+10 3
-10 21
+10 24
+8 6
+3 9
+2 6
+3 16
+7 2
+8 2
-7 4
+7 4
+14 6
cfn=(570)
calls=2 +92 
* 280
+2 19
fi=(171)
153 6
fe=(170)
3732 1
+1 1
+21 2
-21 2
+21 1
cfn=(570)
calls=1 +92 
* 140
+2 2
+13 8
+15 2
+3 8
+9 3
-12 3
+12 6
+3 15
+8 3
+2 6
+2 6
-55 9
+3 7
+78 3
fi=(176)
59 6
fe=(170)
3837 18
fi=(176)
59 3
cob=(3)
cfi=(153)
cfn=(662)
calls=3 -59 
* 114
fe=(170)

fn=(712)
4665 5
+1 1
-1 3
+5 6
+3 2
+5 3
+3 2
+1 2
+1 2
1992 3
4689 2
+25 2
-12 1
-1 2
+1 6
-1 1
cfn=(714)
calls=1 +69 
* 67
+55 1
+1 3
+1 2
-83 3
-2 2

fl=(150) ./resource/../sysdeps/unix/sysv/linux/getrlimit64.c
fn=(470) getrlimit
38 2
+1 7
+1 1

fl=(226)
fn=(814)
23 2
+1 8
cfi=(227) ./nptl/./nptl/pthread_join_common.c
cfn=(816) __pthread_clockjoin_ex
calls=2 +15 
* 379

fl=(92)
fn=(304)
29 1
fi=(93) ./debug/../sysdeps/x86_64/multiarch/ifunc-memmove.h
+28 3
-1 2
+4 3
+14 2
+3 2
+8 2
+8 2
+3 5
fe=(92)

fl=(148)
fn=(466)
33 9
+2 1
cfi=(149)
cfn=(468)
calls=1 -6 
* 17
+3 1
fi=(151) ./elf/../sysdeps/nptl/pthread_early_init.h
-5 2
fe=(148)
+8 1
-3 1
+3 1
fi=(151)
-8 1
cfi=(150)
cfn=(470)
calls=1 +5 
* 10
* 3
+1 1
+4 5
+7 1
fi=(282) ./elf/../nptl/nptl-stack.h
+16 3
fi=(151)
-16 1
fi=(282)
+16 2
fi=(151)
-7 1
fi=(282)
+7 3
fi=(151)
-9 1
-6 1
+2 2
+4 4
+1 1
+3 1
cfi=(152)
cfn=(474)
calls=1 -1 
* 104
fe=(148)
-9 3
+2 2
-2 1
cfi=(154)
cfn=(478)
calls=1 +45 
* 169

fl=(157)
fn=(510)
46 6
+5 2
+4 5
+8 1
-2 1
+10 1
-9 1
+1 1
+9 3
-1 1
cfi=(158) ./misc/./misc/init-misc.c
cfn=(512) __init_misc
calls=1 -41 
* 50

fl=(160)
fn=(518)
545 1
+1 4
+1 3
+1 3
+2 1

fl=(166)
fn=(548)
31 3
+2 3
+9 3
+1 6
+1 3
+4 3
+1 3
+1 3
+1 3
+1 3
+2 6
+2 3
+1 3
+1 3
+2 6
+2 3
+5 3
+1 3
+17 3
cfi=(167)
cfn=(550)
calls=3 -57 
* 39

fl=(180)
fn=(634) _IO_no_init
563 11
+1 1
cfn=(636) _IO_old_init
calls=1 -33 
* 25
+1 1
+1 2
+2 1
+4 1
+7 1
+2 1
-9 5
+15 1
+1 6

fn=(722) _IO_default_finish
601 6
+2 3
+6 3
+3 3
54 2
624 3

fn=(980) _IO_flush_all
686 5
+5 1
-5 1
+5 1
-5 6
+5 4
cfi=(186)
cfn=(642)
calls=1 24 
* 13
+1 12
+3 3
-8 1
fi=(183)
1025 2
fe=(180)
708 18
+1 3
-14 9
+2 3
+1 45
+2 21
+8 18
+5 3
+1 2
cfi=(186)
cfn=(644)
calls=1 54 
* 9
+4 12
-5 6

fn=(608) _IO_default_xsputn
371 11
+3 4
fi=(183)
1025 1
fe=(180)
373 2
+26 59
fi=(183)
1025 38
+1 38
fe=(180)
399 76
cfi=(179)
cfn=(592) _IO_file_overflow@@GLIBC_2.2.5
calls=19 732 
* 741
* 38
+2 19
-2 19
-20 80
-4 1
+29 8

fn=(604)
329 33
+1 14
+5 6
-3 3
+3 6
-2 3
+2 6
+3 18
-7 1
cob=(3)
cfi=(153)
cfn=(710)
calls=1 0 
* 197
+4 2

fn=(640) _IO_link_in
87 14
+1 10
+18 18
-16 1
+2 3
-2 1
+2 4
cfi=(186)
cfn=(642)
calls=1 -68 
* 13
+1 7
+10 2
cfi=(186)
cfn=(644)
calls=1 -49 
* 9
+3 1
-11 5
+2 1
-2 1
+3 1
-3 1
+2 1
+3 4
+2 1
-2 1
+1 1
+1 5
-9 2
+1 1
+1 2

fn=(680) _IO_switch_to_get_mode
164 12
+1 6
+3 6
+4 4
+1 4
+7 2
-4 2
+4 2
-2 4
+3 2
+1 8

fn=(594) _IO_doallocbuf
343 2
+1 4
-1 14
+3 6
+1 2
fi=(183)
1025 6
+1 4
fe=(180)
347 4
cfi=(181)
cfn=(596)
calls=2 78 
* 545
* 4
+3 12

fn=(610) __overflow
199 5
+2 3
+2 1
fi=(183)
1025 3
+1 2
fe=(180)
203 1
+1 2
-1 1
cfi=(179)
cfn=(592)
calls=1 732 
* 151

fn=(636)
531 1
+3 1
-2 1
+2 1
+5 1
-7 1
+2 1
+10 1
-10 1
+16 1
-11 1
-5 1
+16 1
-16 1
+21 1
-16 5
+16 2
+1 2
+2 1

fn=(978) _IO_cleanup
842 6
-66 1
+66 6
+1 1
cfn=(980)
calls=1 686 
* 198
-67 2
+67 1
-67 3
cfi=(186)
cfn=(642)
calls=1 24 
* 13
+1 12
+3 3
fi=(183)
1025 1
fe=(180)
785 1
-1 1
+1 4
-1 2
+1 40
+7 3
-7 3
+7 6
+2 6
+2 4
+4 1
-2 1
+3 1
-3 1
+2 2
+5 1
fi=(183)
1025 2
+1 2
fe=(180)
805 4
cfi=(179)
cfn=(984) _IO_file_setbuf@@GLIBC_2.2.5
calls=1 382 
* 87
+2 3
+9 1
-2 1
+2 2
-2 2
+2 4
+1 3
-37 9
+41 3
+1 2
cfi=(186)
cfn=(644)
calls=1 54 
* 9
+33 12
-78 3
+39 27
+5 6

fn=(986) _IO_default_setbuf
452 8
fi=(183)
1025 1
fe=(180)
452 1
+1 1
-1 1
fi=(183)
1025 2
+1 2
fe=(180)
453 2
cfi=(179)
cfn=(988) _IO_file_sync@@GLIBC_2.2.5
calls=1 793 
* 21
* 2
+4 1
330 1
462 1
-7 2
332 1
466 1
337 1
-4 1
+4 1
467 1
-1 3
+2 6
-11 1
+1 2
-1 1
330 4

fn=(698) _IO_un_link
53 2
+1 4
+28 2
cfn=(700) __GI__IO_un_link.part.0
calls=1 -30 
* 100

fn=(700)
52 4
+6 1
-6 2
+6 1
-6 4
+6 4
cfi=(186)
cfn=(642)
calls=1 -34 
* 13
+1 7
+2 1
-1 1
+1 10
+4 2
+9 2
+2 6
+3 2
cfi=(186)
cfn=(644)
calls=1 -25 
* 9
+3 9
-19 1
-2 2
+2 2
+13 3
+2 1
-2 1
+1 1
+1 5
-12 3
-7 3

fn=(704) _IO_unsave_markers
937 6
+2 2
+5 3
+2 3

fn=(796) _IO_enable_locks
518 1
+3 3
1044 1
523 1
+1 3
+1 1
1058 1
524 2
+1 2
1058 2
524 4
+2 1

fn=(670) _IO_sgetn
409 2
fi=(183)
1025 1
fe=(180)
409 3
+2 1
fi=(183)
1025 2
+1 2
fe=(180)
411 1
+1 2
-1 1
cfi=(179)
cfn=(672) _IO_file_xsgetn
calls=1 1273 
* 660

fn=(674) __underflow
269 10
+1 2
-1 2
+1 5
+5 6
+3 2
173 2
278 4
+2 4
+6 4
+7 2
fi=(183)
1025 6
+1 4
fe=(180)
293 4
+1 6
-1 2
cfi=(179)
cfn=(676) _IO_file_underflow@@GLIBC_2.2.5
calls=2 462 
* 196
-23 2
+21 6

fl=(253) ./stdlib/../sysdeps/ieee754/dbl-64/dbl2mpn.c
fn=(898) __mpn_extract_double
33 1
+2 1
-2 2
+4 3
+1 5
+9 2
+9 1
-9 1
+9 2
+47 1
+4 1
-4 1
+4 1

fl=(116)
fn=(360)
60 1
-17 2
-1 4
+2 3
+2 2
+4 3
+10 1

fl=(136)
fn=(422)
29 1
fi=(279)
+7 5
fe=(136)
-7 1

fl=(229) ./nptl/./nptl/futex-internal.c
fn=(820) __futex_abstimed_wait_cancelable64
138 8
-61 2
+3 2
+3 3
+1 2
-27 3
+46 8
+10 1
+28 6
fi=(230) ./nptl/../sysdeps/nptl/futex-internal.h
-54 2
fe=(229)
-30 2
cfi=(231)
cfn=(824)
calls=1 -26 
* 18
* 12
cfi=(231)
cfn=(858)
calls=1 +6 
* 15
* 1

fl=(249)
fn=(874)
29 10
+1 8
+9 6

fl=(193)
fn=(688)
242 4
+1 4
+1 4
+1 4
+17 4
+1 4
+2 3
+1 3
+1 3
+3 3
+1 3
+1 3
+3 6
+30 1
+1 1
+36 1
+1 1
+1 1
+1 1
+2 1

fn=(690)
255 16
+1 16
+6 16
+1 16
+2 2
+1 2
+1 2
+3 2
+1 2
+1 2
+3 4
+30 14
+1 14
+2 8
+1 8
+2 5
+4 5
+1 3
+1 3
+1 3
+1 3
+4 3
+2 3
+6 2
+1 2
+1 2
+1 2
+1 2
+7 6
+1 6
+1 6
+1 6
+2 6
+17 3
+1 3
+1 3
+1 3
+1 3

fl=(107)
fn=(340)
30 1
fi=(101) ./wcsmbs/../sysdeps/x86_64/multiarch/ifunc-avx2.h
+10 3
-2 4
fe=(107)
-8 2
fi=(101)
+11 2
+1 3
+3 2
+4 3
+3 5
fe=(107)

fl=(203)
fn=(754)
53 12
+12 2
+40 6
+31 4
+4 1
+9 1
+2 1
+1 10
fi=(204) ./nptl/../string/bits/string_fortified.h
-93 2
fe=(203)
+33 2
fi=(204)
-33 1
fe=(203)
+6 1
fi=(204)
-6 2
fe=(203)

fl=(182) ./io/../sysdeps/unix/sysv/linux/fstat64.c
fn=(600) fstat
30 2
+9 8
+33 2

fl=(127)
fn=(394)
29 1
fi=(84)
+11 3
-2 4
fe=(127)
-9 2
fi=(84)
+12 2
+1 3
+3 2
+4 3
+3 5
fe=(127)

fl=(211) ./nptl/./nptl/pthread_attr_copy.c
fn=(774) __pthread_attr_copy
25 20
+4 4
-4 6
+4 4
+9 2
-9 6
+3 2
-3 2
+9 4
+23 4
+1 2
-1 12
+2 22

fl=(158)
fn=(512)
30 1
+1 2
-1 4
+1 4
+2 3
cob=(3)
cfi=(153)
cfn=(514)
calls=1 -33 
* 24
+4 5
+1 3
+2 4

fl=(205)
fn=(760)
26 30
+1 10
cfi=(206)
cfn=(762)
calls=10 288 
* 510
+1 20

fl=(196)
fn=(726)
28 44
+4 1
+1 2
-1 1
+1 1
-1 2
+1 1
-1 2
+1 3
cfi=(197)
cfn=(728)
calls=1 1522 
* 2537
-5 6
+4 2
+1 4
-1 2
+1 2
-1 4
+1 2
-1 4
+1 6
cfi=(197)
cfn=(728)
calls=2 1522 
* 1603
+4 15

fl=(242) ./stdlib/./stdlib/cxa_thread_atexit_impl.c
fn=(860) __call_tls_dtors
148 12
+1 3
-1 3
+1 9
+16 12

fl=(86)
fn=(290)
79 1
-31 2
+1 1
-2 4
+2 2
+3 2
+4 3
+3 3
+20 1

fl=(221) ./misc/../sysdeps/unix/sysv/linux/clone-internal.c
fn=(802) __clone_internal
97 24
+2 4
-19 6
+2 4
cfi=(222)
cfn=(804)
calls=1 -40 
* 16
+1 4
+3 1
+20 1
-42 1
-11 1
+11 1
-2 1
-9 1
+11 2
-2 1
+2 4
cfi=(223) ./misc/../sysdeps/unix/sysv/linux/x86_64/clone.S
cfn=(806) clone
calls=1 -12 
* 19
+42 1
-42 1
-11 1
+11 1
-2 1
-9 1
+11 2
-2 1
+2 4
cfi=(223)
cfn=(806)
calls=1 -12 
* 19
+45 4
+1 16

fl=(237)
fn=(840)
33 28
+2 20
+14 39
-9 4
cob=(3)
cfi=(153)
cfn=(476)
calls=1 -40 
* 26
* 3
+7 1
+1 1

fl=(241)
fn=(856)
63 240
+1 100
+2 40
+14 40
-2 60
+2 40
+33 20
+1 220
-36 40
cfi=(231)
cfn=(824)
calls=20 -47 
* 360
* 200
cfi=(231)
cfn=(858)
calls=20 -15 
* 300
* 20

fl=(186)
fn=(642)
24 6
+1 6
+2 12
+2 12
+3 12
+14 18
+2 6
+1 6

fn=(644)
54 6
+1 6
+2 12
+2 6
+1 18
+11 6

fl=(208)
fn=(800) create_thread
236 24
+4 10
+4 4
+3 4
+1 4
+42 2
-3 2
+10 2
-10 2
+10 4
-10 18
+10 2
cfi=(221)
cfn=(802)
calls=2 97 
* 143
+1 4
+5 2
+6 4
+12 4
+11 2
+1 22

fn=(768)
626 32
+6 4
+13 8
+2 6
cfi=(210) ./nptl/./nptl/pthread_getattr_default_np.c
cfn=(772) pthread_getattr_default_np@@GLIBC_2.34
calls=2 24 
* 130
* 2
+1 4
+2 4
fi=(212)
219 2
cfi=(213) ./misc/../sysdeps/unix/sysv/linux/getpagesize.c
cfn=(778) getpagesize
calls=2 27 
* 12
fi=(214) ./nptl/./nptl-stack.h
61 2
fi=(212)
219 4
fi=(214)
61 2
fi=(212)
219 2
fi=(214)
61 14
fi=(212)
223 2
fi=(214)
61 2
fi=(212)
223 4
+5 6
+10 4
+91 4
+4 4
-4 2
+4 2
+10 12
+4 4
fe=(208)
897 4
+1 4
cfi=(225) ./nptl/./nptl/pthread_attr_destroy.c
cfn=(810) pthread_attr_destroy
calls=2 26 
* 12
+3 26
fi=(212)
347 8
+5 6
+1 2
-2 4
66 8
329 2
74 2
329 4
-1 4
74 6
477 6
+29 10
+26 2
fe=(208)
755 2
fi=(212)
547 2
fe=(208)
674 2
fi=(212)
558 2
-11 2
+11 2
+5 2
-26 2
+21 2
-11 2
fe=(208)
677 2
+12 2
fi=(212)
558 2
fe=(208)
683 2
fi=(212)
542 2
+21 2
fe=(208)
+81 2
fi=(212)
-97 2
fe=(208)
689 2
-6 2
+1 2
+1 2
+4 2
-5 2
fi=(212)
545 2
fe=(208)
688 2
+2 6
+4 2
+1 2
+8 2
-8 6
+5 4
+3 2
-3 2
-11 2
+11 2
+3 4
+5 2
+1 2
-1 2
+1 2
+4 4
+5 4
fi=(283) ./nptl/../sysdeps/x86/nptl/tls-setup.h
22 4
fe=(208)
730 4
+21 4
+4 4
+2 2
+10 2
fi=(224) ./nptl/../sysdeps/unix/sysv/linux/internal-signals.h
81 10
fe=(208)
772 4
fi=(224)
81 4
fe=(208)
780 6
fi=(220) ./nptl/../sysdeps/unix/sysv/linux/internal-sigset.h
34 2
fe=(208)
609 8
836 12
cfn=(800)
calls=2 236 
* 259
fi=(224)
89 6
fe=(208)
836 2
fi=(224)
89 6
fe=(208)
843 4
+40 4
+10 4
83 2
-2 1
+2 1
fi=(284) ./nptl/../sysdeps/unix/sysv/linux/sigsetops.h
-29 1
fe=(208)
+27 1
+1 1
+1 1
cfi=(209) ./signal/../sysdeps/unix/sysv/linux/libc_sigaction.c
cfn=(770) __libc_sigaction
calls=1 -40 
* 52
+7 2
fi=(284)
+14 1
fe=(208)
-14 1
fi=(284)
+14 1
fe=(208)
-14 3
638 1
-3 1
+3 2
791 4
fi=(220)
102 2
+1 2
fi=(212)
-4 8
366 22
cfi=(215)
cfn=(782)
calls=2 47 
* 52
+3 6
-3 2
+3 2
+5 8
+6 4
+5 4
+1 2
+9 4
170 4
-4 6
+4 2
cfi=(216) ./misc/../sysdeps/unix/syscall-template.S
cfn=(784) mprotect
calls=2 -53 
* 12
* 8
407 2
+1 2
+21 2
-18 2
-4 2
+9 4
+3 2
+7 2
-18 2
+3 2
+18 2
cob=(3)
cfi=(153)
cfn=(786)
calls=2 0 
* 992
* 8
fe=(208)
663 1
+89 1
cfi=(180)
cfn=(796)
calls=1 518 
* 22
* 2
fi=(212)
442 8
+3 14
cfi=(219) ./nptl/./nptl/nptl-stack.c
cfn=(794) __nptl_stack_list_add
calls=2 43 
* 28
+2 12
+7 10
-88 4
fe=(208)

fn=(828) start_thread
338 22
+7 4
+22 8
+3 2
cfi=(149)
cfn=(468)
calls=2 29 
* 34
+3 6
cfi=(212)
cfn=(830)
calls=2 587 
* 1260
+4 2
fi=(238) ./nptl/../sysdeps/unix/sysv/linux/rseq-internal.h
32 4
+8 2
fe=(208)
388 10
+17 4
cfi=(165)
cfn=(546)
calls=2 28 
* 76
* 2
+14 2
-14 2
+18 2
-4 2
+4 10
+3 4
+3 4
+2 2
fi=(224)
89 8
fe=(208)
431 2
fi=(224)
89 2
fe=(208)
433 2
+4 4
+11 2
+4 2
cfi=(242)
cfn=(860)
calls=2 148 
* 26
+3 2
cfi=(243) ./nptl/./nptl/nptl_deallocate_tsd.c
cfn=(862) __nptl_deallocate_tsd
calls=2 23 
* 12
+3 2
cfi=(244)
cfn=(864)
calls=2 31 
* 254
+3 6
+31 4
+2 4
fi=(220)
102 2
fe=(208)
508 6
fi=(220)
102 4
fe=(208)
508 6
+7 10
+1 4
+1 8
+35 6
+1 6
fi=(212)
189 2
cfi=(213)
cfn=(778)
calls=2 27 
* 12
* 2
+2 10
+1 4
+1 4
fe=(208)
556 2
fi=(230)
146 2
fe=(208)
556 4
+17 6
+5 6
cfi=(212)
cfn=(830)
calls=2 +9 
* 96
* 2
447 6
cob=(5)
cfi=(202)
cfn=(844)
calls=2 23 
* 4392
* 2
fi=(212)
194 8
cfi=(216)
cfn=(882) madvise
calls=2 -77 
* 12
* 2
fe=(208)

fl=(117)
fn=(362)
29 1
fi=(118)
+9 2
+1 1
-1 2
+1 2
+3 2
+4 3
+3 3
fe=(117)
-20 1

fl=(209)
fn=(770)
43 8
+5 2
+2 1
fi=(285) ./signal/../string/bits/string_fortified.h
-21 1
fe=(209)
+29 1
fi=(285)
-29 2
fe=(209)
+21 1
+3 1
fi=(285)
-24 3
fe=(209)
+24 1
fi=(285)
-24 3
fe=(209)
+24 2
fi=(285)
-24 1
fe=(209)
+29 1
-5 1
+5 3
fi=(285)
-29 6
fe=(209)
+29 6
+5 2
+8 6

fl=(225)
fn=(810)
26 2
+10 6
+8 4

fl=(245)
fn=(866)
21 8
+1 2
-1 2
+1 2
+2 4
+15 8

fl=(219)
fn=(888) __nptl_deallocate_stack
112 4
+1 4
-1 8
+1 6
+4 2
-88 2
fi=(286) ./nptl/../include/list.h
+26 6
+1 2
fe=(219)
+67 2
-86 2
+86 2
-79 6
fi=(286)
-1 2
+1 4
-1 2
+2 2
+2 2
fe=(219)
+58 2
-1 2
-52 2
+52 4
+1 4
+24 8
+1 8

fn=(794)
43 2
+1 8
fi=(286)
-1 10
+2 2
+2 2
fe=(219)
+5 2
+1 2

fl=(228) ./nptl/./nptl/cleanup_compat.c
fn=(884) _pthread_cleanup_pop@@GLIBC_2.34
40 2
+3 4
+4 4
+2 2

fn=(818) _pthread_cleanup_push@@GLIBC_2.34
25 2
+3 2
+1 2
+1 4
+2 2
+1 2

fl=(94)
fn=(308)
29 1
fi=(93)
+28 3
-1 2
+4 3
+14 2
+3 2
+8 2
+8 2
+3 5
fe=(94)

fl=(162)
fn=(524)
242 13
+69 3
+1 3
cfi=(163)
cfn=(526)
calls=1 67 
* 72
+25 6
+6 2
-3 2
+10 2
cob=(3)
cfi=(153)
cfn=(540)
calls=1 0 
* 7
+2 2
+8 4
cfi=(164) ./csu/../sysdeps/nptl/libc_start_call_main.h
cfn=(544) (below main)
calls=1 29 
* 16276
128 2
+6 3
+1 6
cob=(3)
cfi=(153)
cfn=(530)
calls=1 0 
* 7
* 1
+3 1
+1 2
+3 2
+1 2
-1 1
+2 7
+1 4
cob=(5)
cfi=(161)
cfn=(534)
calls=1 0 
* 12
-1 4

fl=(139)
fn=(432)
31 1
fi=(114) ./string/../sysdeps/x86_64/multiarch/ifunc-strcasecmp.h
+6 2
-1 4
fe=(139)
-5 2
fi=(114)
+7 3
+3 2
+4 3
+3 4
fe=(139)

fl=(227)
fn=(816)
39 24
+4 12
+5 10
+4 2
+3 2
+2 4
+1 4
+16 10
+10 4
+34 2
-4 2
+7 4
+4 4
cfi=(250) ./nptl/./nptl/nptl_free_tcb.c
cfn=(886) __nptl_free_tcb
calls=2 25 
* 118
* 2
+5 2
+3 22
-44 12
cfi=(228)
cfn=(818)
calls=2 -64 
* 14
+5 2
+8 5
cfi=(229)
cfn=(820)
calls=1 +36 
* 85
+2 4
-10 9
+17 6
cfi=(228)
cfn=(884)
calls=2 -71 
* 12
* 2

fl=(171)
fn=(562)
262 1
fi=(172) ./malloc/../sysdeps/unix/sysv/linux/not-cancel.h
97 3
fe=(171)
262 7
+5 1
fi=(172)
97 3
fi=(170)
3143 2
fe=(171)
292 2
+4 3
fi=(170)
1946 4
+3 1
-3 1
+3 2
-3 2
+3 126
-3 126
+3 252
-3 252
+11 1
fe=(171)
300 3
fi=(170)
1958 1
+2 1
fe=(171)
300 1
cob=(3)
cfi=(153)
cfn=(476)
calls=1 0 
* 25
+1 4
cob=(3)
cfi=(153)
cfn=(476)
calls=1 0 
* 26
+1 4
cob=(3)
cfi=(153)
cfn=(476)
calls=1 0 
* 25
+1 4
cob=(3)
cfi=(153)
cfn=(476)
calls=1 0 
* 25
+1 4
cob=(3)
cfi=(153)
cfn=(476)
calls=1 0 
* 26
+1 4
cob=(3)
cfi=(153)
cfn=(476)
calls=1 0 
* 25
+1 4
cob=(3)
cfi=(153)
cfn=(476)
calls=1 0 
* 25
+2 4
cob=(3)
cfi=(153)
cfn=(476)
calls=1 0 
* 25
+1 4
cob=(3)
cfi=(153)
cfn=(476)
calls=1 0 
* 25
+1 4
cob=(3)
cfi=(153)
cfn=(476)
calls=1 0 
* 25
+3 4
cob=(3)
cfi=(153)
cfn=(476)
calls=1 0 
* 25
+1 4
cob=(3)
cfi=(153)
cfn=(476)
calls=1 0 
* 25
+2 2
+10 8

fn=(876)
893 18
fi=(170)
3213 2
+2 2
-2 2
+2 2
+2 4
fe=(171)
899 4
+1 2
+2 4
+13 16

fl=(260) ./stdlib/./stdlib/divrem.c
fn=(914) __mpn_divrem
46 126
+3 18
234 81
62 9
+1 9
-16 9
+18 18
+7 33
+1 2
-1 4
+1 4
-1 4
+4 18
+3 9
+2 9

fl=(100)
fn=(324)
31 2
fi=(101)
+9 6
-2 8
fi=(102) ./wcsmbs/../sysdeps/x86_64/multiarch/wcschr.c
-7 4
fi=(101)
+10 4
+1 6
+3 4
+4 6
+3 10
fe=(100)

fn=(390)
31 1
fi=(97) ./wcsmbs/../sysdeps/x86_64/multiarch/ifunc-wcs.h
+9 3
-1 4
+2 3
+3 2
+4 4
fe=(100)
-17 1

fl=(108)
fn=(344)
31 1
fi=(109) ./string/../sysdeps/x86_64/multiarch/ifunc-strncpy.h
+4 5
+1 3
+3 2
+4 3
+3 4
fe=(108)
-15 1

fl=(201) ./stdio-common/./stdio-common/Xprintf_buffer_done.c
fn=(748) __printf_buffer_done
25 5
+1 15
+5 10
+2 60
+7 5

fl=(235)
fn=(836)
169 2
+3 8
+2 4
+9 144
+9 4

fl=(257) ./stdlib/../sysdeps/x86_64/rshift.S
fn=(906) __mpn_rshift
28 2
+1 2
+1 2
+1 2
+13 2
+1 2
+16 2
+1 2
+1 2
+1 2
+1 2
+1 2
+1 2
+5 2
+1 2
+1 2
+1 2
+1 2

fl=(187) ./io/../sysdeps/unix/sysv/linux/open64.c
fn=(650) open
30 2
+3 1
-3 10
+3 6
+8 9
+2 8

fl=(243)
fn=(862)
23 2
+5 8
+82 2

fl=(191)
fn=(668)
31 7
+1 1
-1 1
+1 1
-1 1
+4 6
+2 10
+1 4
cfi=(180)
cfn=(670)
calls=1 409 
* 675
fi=(183)
979 2
+1 9
fe=(191)
40 5
+1 9
-4 4

fl=(246)
fn=(868)
131 14
+1 2
cfi=(247) ./resolv/./resolv/resolv_context.c
cfn=(870) __resolv_context_freeres
calls=2 242 
* 44
+2 10
+8 12

fl=(258) ./nptl/./nptl/alloca_cutoff.c
fn=(908) __libc_alloca_cutoff
27 1
+1 9
+7 1

fl=(128)
fn=(398)
29 1
fi=(109)
+6 5
+1 3
+3 2
+4 3
+3 4
fe=(128)
-17 1

fl=(115)
fn=(358)
29 1
fi=(279)
+7 5
fe=(115)
-7 1

fl=(134)
fn=(418)
29 1
fi=(135) ./string/../sysdeps/x86_64/multiarch/ifunc-evex.h
+9 3
-1 4
+2 3
+6 2
-3 2
+9 3
+3 4
fe=(134)
-25 1

fl=(248)
fn=(872)
24 10
+1 2
+1 4
cob=(3)
cfi=(153)
cfn=(710)
calls=2 -26 
* 12
+1 2
+1 4
-1 2
cob=(3)
cfi=(153)
cfn=(710)
calls=2 -27 
* 12

fl=(110)
fn=(348)
31 2
fi=(111) ./wcsmbs/../sysdeps/x86_64/multiarch/ifunc-evex.h
+7 6
-1 8
+2 6
+6 4
-3 4
+9 6
+3 8
fe=(110)
-23 2

fl=(95)
fn=(312)
29 1
fi=(84)
+11 3
-2 4
fe=(95)
-9 2
fi=(84)
+12 2
+1 3
+3 2
+4 3
+3 5
fe=(95)

fl=(188) ./string/../string/strstr.c
fn=(652) __GI_strstr
77 9
+5 1
-5 3
+5 2
+2 4
cob=(3)
cfi=(153)
cfn=(654)
calls=1 -84 
* 23
* 1
+1 2
+1 2
+75 12

fl=(185)
fn=(632)
85 7
-20 1
+20 2
-20 1
cob=(3)
cfi=(153)
cfn=(602)
calls=1 -65 
* 189
+2 3
+3 1
+2 2
-2 1
+2 5
cfi=(180)
cfn=(634)
calls=1 563 
* 56
+1 1
+1 1
-1 1
+1 1
cfi=(179)
cfn=(638) _IO_new_file_init_internal
calls=1 +32 
* 102
+1 5
cfi=(179)
cfn=(646) _IO_file_fopen@@GLIBC_2.2.5
calls=1 213 
* 215
* 2
-38 2
+50 7

fl=(192) ./io/../sysdeps/unix/sysv/linux/read.c
fn=(684) read
25 2
+1 12
+1 2

fl=(233)
fn=(832)
26 24
+4 2
+1 4
-1 10
+1 2
cfi=(234) ./libio/./libio/vsnprintf.c
cfn=(834) __vsnprintf_internal
calls=2 +62 
* 1048
+4 10

fl=(126)
fn=(386)
31 1
fi=(114)
+6 2
-1 4
fe=(126)
-5 2
fi=(114)
+7 3
+3 2
+4 3
+3 4
fe=(126)

fl=(250)
fn=(886)
25 2
+2 4
-2 10
+6 6
+11 2
+2 4
-2 2
cfi=(219)
cfn=(888)
calls=2 +70 
* 88

fl=(138)
fn=(428)
33 1
fi=(99)
+24 3
-1 2
+4 3
+14 2
+3 2
+8 2
+8 2
+3 5
fe=(138)

fl=(179)
fn=(590) _IO_file_xsputn@@GLIBC_2.2.5
1198 28
+7 4
-7 8
+6 16
+9 8
-2 16
+17 3
+6 3
+2 6
+2 3
-4 3
+2 3
+2 3
-1 3
-1 3
cob=(3)
cfi=(153)
cfn=(686)
calls=3 0 
* 47
+2 3
-2 3
+4 6
+28 36
-55 3
+4 3
-4 3
+1 6
-14 1
+44 1
fi=(183)
1025 3
+1 2
fe=(179)
1244 3
fi=(183)
1025 9
+1 6
fe=(179)
1244 12
cfn=(592)
calls=4 732 
* 870
* 8
+6 8
+1 20
+2 12
+11 8
+1 4
cfi=(180)
cfn=(608)
calls=1 371 
* 1135
+2 3
-48 9
-2 6
446 6
1221 3
+11 9
444 6

fn=(638)
106 6
+5 1
-1 1
+3 1
cfi=(180)
cfn=(640)
calls=1 -26 
* 89
+1 1
+1 3

fn=(598)
1147 2
+1 4
cfi=(182)
cfn=(600)
calls=2 30 
* 12

fn=(646)
213 12
+9 2
+2 6
+23 6
357 12
-76 4
cfn=(648) _IO_file_open
calls=1 -99 
* 95
* 1
+3 2
+3 3
cfi=(188)
cfn=(652)
calls=1 77 
* 59
* 1
+1 2
-74 1
+13 1
+1 2
+19 6

fn=(648)
182 2
+3 1
-3 10
+2 2
+4 1
cfi=(187)
cfn=(650)
calls=1 30 
* 36
* 1
+1 2
+3 2
+3 1
-4 1
+1 3
+3 1
-3 1
+3 1
+10 2
cfi=(180)
cfn=(640)
calls=1 87 
* 21
+1 1
+1 6

fn=(614) _IO_file_write@@GLIBC_2.2.5
1174 32
+2 16
-1 8
+6 4
cfi=(184)
cfn=(616)
calls=4 25 
* 130
+1 8
+5 4
+1 4
-12 8
+4 12
+1 8
+10 12
+3 24
-4 12

fn=(720) _IO_file_finish@@GLIBC_2.2.5
168 5
+1 1
-1 1
+1 1
+6 2
+1 3
-1 1
cfi=(180)
cfn=(722)
calls=1 601 
* 20

fn=(984)
382 6
+1 1
cfi=(180)
cfn=(986)
calls=1 +69 
* 69
* 2
+3 1
+4 2
-2 3
+3 3

fn=(988)
793 7
+5 4
+2 1
+1 2
+11 2
+4 5

fn=(672)
1273 11
+7 1
-7 1
+7 1
+11 1
fi=(183)
1025 1
fe=(179)
1291 4
+2 3
+1 2
-1 3
+1 2
+8 4
+8 2
+9 6
+1 8
-16 2
+1 1
-1 1
cob=(3)
cfi=(153)
cfn=(686)
calls=1 0 
* 16
+2 1
-2 1
+6 2
+12 4
cfi=(180)
cfn=(674)
calls=2 269 
* 269
* 4
+38 1
+1 3
-1 1
+1 5
-78 3
+5 2
cfi=(180)
cfn=(594)
calls=1 343 
* 293
* 1

fn=(606) _IO_do_write@@GLIBC_2.2.5
424 5
+2 15
+1 1
-3 12
fi=(183)
1025 4
fe=(179)
424 32
+20 4
-10 8
+7 16
fi=(183)
1025 8
+1 8
fe=(179)
449 16
cfn=(614)
calls=4 1174 
* 282
* 4
+1 12
+2 4
+4 8
-3 8
-1 8
+4 8
-30 8
+28 4
-28 8
+1 32
+28 8

fn=(706) _IO_file_close
1165 1
+3 2
cfi=(195) ./io/../sysdeps/unix/sysv/linux/close_nocancel.c
cfn=(708) __close_nocancel
calls=1 25 
* 6

fn=(592)
732 192
+1 96
+7 118
+37 23
-2 46
+3 40
+3 60
+1 60
+1 80
+4 20
+1 120
-45 2
+12 2
+9 3
+5 3
+2 2
-5 1
+5 1
+1 1
-5 1
+1 1
+4 2
-7 1
+10 2
+13 4
-12 4
+1 4
+11 16
-12 4
cfn=(606)
calls=4 424 
* 418
+9 2
-1 1
+1 1
-1 1
cfn=(606)
calls=1 424 
* 105
* 2
-12 2
+1 2
-28 2
cfi=(180)
cfn=(594)
calls=1 343 
* 310
+1 1
+9 1
-9 5

fn=(676)
462 2
+4 6
-4 18
+7 4
+6 6
+3 4
+12 4
fi=(183)
1025 2
fe=(179)
506 4
cfi=(180)
cfn=(680)
calls=2 164 
* 52
+6 2
+5 2
-5 2
fi=(183)
1025 4
fe=(179)
512 2
fi=(183)
1025 2
fe=(179)
512 6
fi=(183)
1026 4
fe=(179)
517 8
cfn=(682) _IO_file_read
calls=2 1131 
* 26
+2 4
+16 1
-9 1
+9 2
+2 2
+1 16
-6 1
-10 7
-55 2

fn=(682)
1131 2
+3 2
-1 2
+1 4
cfi=(192)
cfn=(684)
calls=2 25 
* 16

fn=(702) _IO_file_close_it@@GLIBC_2.2.5
128 7
+2 3
+4 2
+3 1
-3 1
-1 2
+6 1
+3 1
-3 1
cfi=(180)
cfn=(704)
calls=1 937 
* 14
+3 3
fi=(183)
1025 3
+1 2
fe=(179)
142 2
cfn=(706)
calls=1 1165 
* 9
* 1
+3 3
+8 5
cfi=(180)
cfn=(604)
calls=1 329 
* 231
+1 1
+3 1
-3 3
+3 1
cfi=(180)
cfn=(698)
calls=1 53 
* 4
+5 1
-4 1
+1 1
+3 1
-2 1
+3 7

fl=(113)
fn=(354)
31 1
fi=(114)
+6 2
-1 4
fe=(113)
-5 2
fi=(114)
+7 3
+3 2
+4 3
+3 4
fe=(113)

fl=(129)
fn=(402)
29 1
fi=(130) ./wcsmbs/../sysdeps/x86_64/multiarch/ifunc-memcmp.h
+5 5
+1 2
+1 2
+1 3
+3 2
+4 3
+3 4
fe=(129)
-18 2

fl=(137)
fn=(424)
31 1
fi=(97)
+9 3
-1 4
+2 3
+3 2
+4 4
fi=(287) ./wcsmbs/../sysdeps/x86_64/multiarch/wcpncpy.c
-17 1
fe=(137)

fl=(190)
fn=(664)
158 3
+1 6
+5 3
+1 3
+1 3
+1 3
+1 3
+69 3
+1 3
+6 3
+1 3
+12 3
+3 3
+1 3
+12 3
+1 3
+13 3
+1 3
+2 3
+3 3
+3 3
+3 3
+1 3
+1 3
+1 3
+1 3
+1 3
+1 6
+3 3
+1 3
+1 3
+1 3
+3 6

fl=(199)
fn=(740)
27 15
+1 45
-1 105
+4 56
+2 26
+3 13
fi=(256) ./stdio-common/../string/bits/string_fortified.h
-7 13
fe=(199)
+8 26
fi=(256)
-8 13
fe=(199)
+12 13
fi=(256)
-12 13
cob=(3)
cfi=(153)
cfn=(742)
calls=13 -29 
* 200
fe=(199)
+11 39
-9 26
+2 39
+11 90

fl=(210)
fn=(772)
24 4
+1 4
-1 8
+1 4
+1 6
cfi=(211)
cfn=(774)
calls=2 -1 
* 90
+1 8
+2 6

fl=(254) ./stdlib/../sysdeps/x86_64/lshift.S
fn=(900) __mpn_lshift
28 1
+1 1
+1 1
+2 1
+1 1
+1 1
+12 1
+1 1
+1 1
+1 1
+1 1
+1 1
+1 1
+6 1
+1 1
+1 1

fl=(87)
fn=(292)
30 1
fi=(88) ./wcsmbs/../sysdeps/x86_64/multiarch/ifunc-wcslen.h
+11 2
-1 4
+2 3
+3 2
+4 3
+3 3
fe=(87)
-22 1

fl=(98)
fn=(320)
29 1
fi=(99)
+28 3
-1 2
+4 3
+14 2
+3 2
+8 2
+8 2
+3 5
fe=(98)

fl=(223)
fn=(806)
52 2
+2 2
+1 2
+1 2
+3 2
+1 2
+3 2
+2 2
+4 2
+3 2
+1 2
+1 2
+1 2
+1 2
+5 2
+2 4
+1 4
+1 4
+2 2
+8 2
+3 2
+1 2
+1 2
cfi=(208)
cfn=(828)
calls=2 338 
* 6422

fl=(96)
fn=(316)
31 1
fi=(97)
+9 3
-1 4
+2 3
+3 2
+4 4
fe=(96)
-17 1

fl=(207)
fn=(764)
354 10
+3 40
+5 10
-2 10
+2 20
+8 10
+1 10
+1 10
+3 20
+3 10
+4 10
-7 10
+2 20
+2 20
+8 20
-9 10
+12 10
+3 10
-2 10
+7 10

fl=(198)
fn=(730)
108 3
+1 3
fi=(236)
+18 3
fe=(198)
-18 3
fi=(236)
+28 3
-9 3
+9 3
-13 3
fe=(198)
-13 3
fi=(236)
+13 3
fe=(198)
-12 3
cfn=(732) __printf_buffer_to_file_switch
calls=3 -83 
* 39

fn=(732)
29 6
+1 30
+10 6
+1 6
+3 24
+1 6

fn=(746)
117 3
+1 9
-1 3
-64 3
+64 18
-66 12
+2 9
+69 3
-1 3
+1 12
-1 3
cfi=(201)
cfn=(748)
calls=3 -96 
* 57
-56 6
cfn=(732)
calls=3 -36 
* 39
+1 3
-8 3
+1 3
fi=(288) ./stdio-common/../libio/libioP.h
1025 3
fe=(198)
58 3
+1 3
-1 3
fi=(288)
1025 6
+1 6
fe=(198)
59 6
cfi=(179)
cfn=(590)
calls=3 1198 
* 793
* 6

fl=(247)
fn=(870)
242 18
+2 4
+1 2
+1 4
+6 16

fl=(164)
fn=(544)
29 4
+15 1
-15 5
+15 1
cfi=(165)
cfn=(546)
calls=1 -16 
* 38
* 1
+2 2
+5 2
+1 2
+3 2
+3 6
cob=(5)
cfi=(168)
cfn=(552)
calls=1 -51 
* 14617
+16 2
cfi=(264) ./stdlib/./stdlib/exit.c
cfn=(926) exit
calls=1 +63 
* 1593

fl=(231)
fn=(824)
31 23
+1 23
+1 46
+4 46
+2 46
+3 92
fi=(232) ./nptl/../nptl/descr.h
439 46
fe=(231)
45 46
+11 46

fn=(858)
63 23
+3 69
+5 69
+3 23
+2 23
-2 23
+2 46
+7 69

fl=(268)
fn=(944)
82 4
+1 4
-1 8
+1 4
fi=(269) ./posix/../malloc/dynarray-skeleton.c
243 2
fe=(268)
71 4
+38 8
+1 6

fl=(264)
fn=(926)
137 2
+1 3
-1 1
+1 1
cfn=(928) __run_exit_handlers
calls=1 38 
* 1586

fn=(928)
38 12
+2 2
+3 5
+11 2
+2 2
+38 2
-30 6
+2 1
+1 1
-1 1
+3 7
+44 3
+13 1
-66 1
+66 3
+2 2
+3 2
cfi=(270)
cfn=(990)
calls=1 27 
* 4
-29 1
+1 1
-2 1
+3 1
+3 1
-3 2
+3 3
+1 3
cob=(1)
cfi=(265)
cfn=(930)
calls=1 -82 
* 984
+1 4
+10 3
+1 2
-79 1
cfi=(242)
cfn=(860)
calls=1 148 
* 13
* 1
+88 1
cfi=(180)
cfn=(978)
calls=1 842 
* 506
* 1

fl=(194)
fn=(696)
34 8
+14 3
+9 1
fi=(183)
1025 3
+1 2
fe=(194)
57 3
cfi=(179)
cfn=(720)
calls=1 168 
* 34
+1 3
+13 2
fi=(183)
951 4
+1 4
+6 2
cob=(3)
cfi=(153)
cfn=(710)
calls=1 0 
* 87
fe=(194)
76 7
-27 1
cfi=(180)
cfn=(698)
calls=1 +4 
* 104
+2 8
+1 2
+1 2
cfi=(179)
cfn=(702)
calls=1 +75 
* 314
fi=(183)
979 1
fe=(194)
53 1
fi=(183)
979 3
+1 9
fe=(194)
51 5

fl=(178)
fn=(588)
52 4
+13 4
+1 4
+1 4
+3 4
+2 4
+1 4
+3 4
+1 4
+8 4
+1 4
+1 2
+5 4
+26 2
+13 2
+1 2
+1 2
+6 4
+82 2
+15 2
+6 2
+1 2
+1 2

fl=(216)
fn=(784)
117 10
+5 2

fn=(882)
117 10
+5 2

fl=(131)
fn=(406)
29 1
fi=(93)
+28 3
-1 2
+4 3
+14 2
+3 2
+8 2
+8 2
+3 5
fe=(131)

fl=(234)
fn=(834)
93 10
fi=(289) ./libio/../include/printf_buffer.h
+31 2
fe=(234)
-31 4
fi=(289)
+31 2
fe=(234)
-31 12
fi=(289)
+44 2
-13 2
+13 2
-10 2
+1 2
fe=(234)
-65 4
+3 2
+30 6
cfi=(197)
cfn=(734)
calls=2 600 
* 934
-21 6
+1 2
+11 4
cfi=(201)
cfn=(748)
calls=2 -62 
* 38
+11 12

fl=(119)
fn=(366)
31 1
fi=(114)
+6 2
-1 4
fe=(119)
-5 2
fi=(114)
+7 3
+3 2
+4 3
+3 4
fe=(119)

fl=(195)
fn=(708)
25 1
+1 4
+1 1

fl=(239)
fn=(852)
24 40
+7 20
-7 100
+1 80
+1 20
-1 20
+1 40
-1 20
+6 40
cfi=(240)
cfn=(854)
calls=20 -7 
* 1920
+1 100

fl=(217)
fn=(790)
77 23
+3 69
+2 23
+2 46
-7 92
+11 46
+2 60
-46 20
+1 80
+3 80
+46 60
+85 23
+3 23
+2 23
+3 23
-63 23
+66 69
-93 6
+11 12
+4 3
+3 6
-71 3
+1 12
+85 9
+1 6
-83 12

fl=(121)
fn=(374)
29 1
fi=(122) ./string/../sysdeps/x86_64/multiarch/ifunc-memcmp.h
+5 5
+1 2
+1 2
+1 3
+3 2
+4 3
+3 4
fe=(121)
-18 2

fl=(91)
fn=(300)
29 1
fi=(88)
+12 2
-1 4
+2 3
+3 2
+4 3
+3 3
fe=(91)
-23 1

fl=(251)
fn=(912) hack_digit
88 12
+3 3
-3 3
+3 6
+2 3
+2 6
-2 6
+8 6
+21 3
cfi=(261)
cfn=(916)
calls=1 -91 
* 21
+1 2
+1 5
+4 5
-23 18
cfi=(260)
cfn=(914)
calls=3 -59 
* 131
+2 3
-2 3
+2 9
+3 3
-2 3
+2 3
+1 12
+1 4
-1 8
+11 1
-4 4
-1 2
+11 10

fn=(896) __printf_fp_buffer_1.isra.0
138 18
+21 1
+18 1
+10 1
-28 7
+62 2
1030 11
226 3
+4 7
+36 1
+5 1
-49 1
+44 4
+1 1
+1 2
+3 13
+1 1
-1 1
+1 3
-1 1
+1 2
-1 1
+1 8
+1 1
-1 2
+1 13
+6 1
-6 2
+7 2
+17 1
+4 4
-4 2
+16 2
+11 1
-41 1
+10 1
+31 1
-30 7
+33 6
+41 2
+1 2
-1 2
+1 6
fi=(256)
29 2
cob=(3)
cfi=(153)
cfn=(742)
calls=2 -29 
* 26
fe=(251)
385 8
+18 1
-9 1
+2 2
-2 11
+2 22
-74 24
-4 12
+4 49
-4 1
+4 4
+15 2
-13 4
fi=(256)
29 2
fe=(251)
388 2
fi=(256)
29 1
cob=(3)
cfi=(153)
cfn=(742)
calls=1 -29 
* 13
fe=(251)
389 3
+1 3
+1 1
+3 1
-4 1
-1 1
+1 1
+1 3
+5 2
+1 2
+6 2
+4 1
+4 1
-4 1
+4 3
-4 15
665 1
+9 1
-9 1
+9 1
+6 1
-15 1
+9 2
+6 1
-6 2
+2 2
+10 2
+52 2
+8 2
fi=(259) ./stdio-common/../sysdeps/pthread/allocalim.h
27 1
fe=(251)
746 1
fi=(259)
27 1
cfi=(258)
cfn=(908)
calls=1 * 
* 11
+2 2
fe=(251)
759 14
fi=(259)
29 1
fe=(251)
759 3
+4 1
-3 2
+3 2
+3 3
+7 6
+2 2
-4 1
+4 1
+14 2
-2 1
+1 5
+1 1
+1 2
-1 6
+1 14
91 6
792 6
+2 6
91 12
+2 6
+2 12
-2 12
+8 12
+4 36
cfi=(260)
cfn=(914)
calls=6 -59 
* 222
+2 6
+4 6
-6 6
+2 18
+1 6
+2 12
+1 12
+1 12
-1 18
793 6
+1 12
+1 12
230 6
cfi=(253)
cfn=(898)
calls=1 33 
* 22
* 4
+4 1
796 18
+9 5
+1 3
cfn=(912)
calls=1 88 
* 82
+2 2
-2 1
+2 5
+2 3
fi=(262) ./stdio-common/../sysdeps/generic/get-rounding-mode.h
94 1
+1 7
fe=(251)
935 1
-11 3
+7 2
+4 2
+45 5
+3 2
+8 2
-4 1
+4 1
+5 2
-9 4
+9 4
fi=(236)
163 3
fe=(251)
999 4
+2 3
+5 2
fi=(236)
163 3
fe=(251)
1009 3
+13 4
cfi=(199)
cfn=(740)
calls=1 27 
* 53
+2 3
+4 3
117 6
+1 12
385 6
cfi=(255)
cfn=(902)
calls=2 31 
* 24
* 4
+3 2
fi=(263) ./stdio-common/../include/rounding-mode.h
52 2
fe=(251)
766 3
-78 2
+1 4
+3 3
+2 1
+2 2
+42 2
994 4
+2 2
308 1
-2 1
+2 1
-3 1
+3 4
-3 2
cfi=(254)
cfn=(900)
calls=1 28 
* 16
+4 2
-4 1
+4 7
+1 2
+1 7
766 3
+3 2
cfn=(912)
calls=1 88 
* 121
* 2
cfn=(912)
calls=1 88 
* 92
* 2
-3 7
+44 3
407 1
+6 2
1003 2
442 5
+35 2
-4 1
-21 2
+19 1
-1 3
+1 1
-1 3
cfi=(257)
cfn=(906)
calls=1 28 
* 18
+4 3
-1 1
+1 3
cfi=(257)
cfn=(906)
calls=1 28 
* 18
+3 1
+1 5
-48 1
+4 1
-5 1
+5 6
694 8

fn=(892)
1099 12
+3 1
-3 7
+3 2
+13 2
+2 1
-2 1
cob=(3)
cfi=(153)
cfn=(586)
calls=1 0 
* 16
* 2
+1 5
+31 11
-30 2
fi=(252) ./stdio-common/../include/../locale/localeinfo.h
331 2
fe=(251)
1111 1
fi=(252)
331 1
fe=(251)
1112 2
+10 7
cfn=(896)
calls=1 138 
* 1651
+4 1

fl=(174)
fn=(574)
37 16
+3 2
+3 2
-3 2
+3 2
+35 7
-20 4
+4 4
+4 4
+8 1
cfi=(175)
cfn=(576)
calls=1 -38 
* 9
* 2
+4 7
-19 2
cfi=(175)
cfn=(576)
calls=1 -23 
* 9
* 2
+4 2

fl=(177)
fn=(584)
33 10
+2 1
cob=(3)
cfi=(153)
cfn=(586)
calls=1 -35 
* 16
+1 1
-1 1
+1 3
-3 1
+6 4
+1 1
fi=(183)
1025 3
+1 2
fe=(177)
40 3
cfi=(179)
cfn=(590)
calls=1 1198 
* 1571
* 2
+1 4
+1 4
fi=(183)
979 2
+1 8
fe=(177)
46 8
-10 10
+5 2
cfi=(180)
cfn=(610)
calls=1 199 
* 169
* 2

fl=(213)
fn=(778)
27 4
+1 16
+2 4

totals: 186936
